RA	DE	NormHalpha	RVHalpha	SigmHalpha	Norm[NII]6548	RV[NII]6548	Sigm[NII]6548	Norm[NII]6584	RV[NII]6584	Sigm[NII]6584	Norm[SII]6717	RV[SII]6717	Sigm[SII]6717	Norm[SII]6731	RV[SII]6731	Sigm[SII]6731
154.215	19.6	36.49	-275.9102334	13.59311924	4.243	-226.4464313	60.68680252	12.73	-202.4723123	60.35088069	10.63	-231.4951328	6.914022745	17.79	-257.7026463	6.824627966
139.464	19.6	180	-295.9639739	18.62278926	10.97	-298.69319	21.62464929	32.9	-274.3349549	21.47241724	30.28	-250.6896772	13.43314814	35.23	-276.8544157	13.36528201
138.123	19.6	313.4	-301.1715512	18.97521055	20.89	-299.7004325	22.13764103	62.67	-275.3368422	21.98354641	50.42	-258.5014104	22.28944148	28.24	-284.6487405	22.21693071
136.782	19.6	305.5	-303.2728543	22.58812611	19.35	-296.9991912	22.0263648	58.06	-272.6499626	21.87267763	50.1	-254.8410554	18.87692483	38.19	-281.0410816	18.80788463
135.441	19.6	282.7	-302.4049247	24.95314198	20.7	-302.4016738	20.88334019	62.11	-278.0237217	20.73372443	43.38	-259.7066492	25.32193933	36.12	-285.8512934	25.24540811
134.1	19.6	362.6	-299.6184141	24.17251066	24.45	-302.2185388	24.38147681	73.34	-277.8415604	24.21880656	63.24	-262.1171269	19.69573343	52.23	-288.2563993	19.62599138
132.759	19.6	768.6	-292.6292973	18.36937962	59.66	-294.5726524	13.40149842	179	-270.2363251	13.27004016	138.2	-252.2966623	16.06787314	89.24	-278.4578196	16.00036871
131.418	19.6	1769	-289.4316621	11.5233196	124.9	-291.0473036	11.11344405	374.7	-266.7297196	10.98168045	291.1	-246.9400453	8.305398887	197.8	-273.1131398	8.22540037
130.077	19.6	2407	-291.0761602	10.7573349	163	-293.5654099	11.17134624	489.1	-269.2344378	11.03965396	355.5	-248.5916689	9.782493381	233.1	-274.7610828	9.708542128
128.736	19.6	2163	-289.1575791	9.587964176	128.6	-291.8714111	10.19290288	385.9	-267.5494455	10.05942043	310.1	-246.2704681	6.541258518	206.5	-272.4450548	6.448428424
126.054	19.6	2027	-289.5687036	8.011900079	118.1	-290.9557361	9.413154776	354.2	-266.6386389	9.277191539	279.3	-246.8061298	4.493244841	205.1	-272.9795228	4.368526731
124.713	19.6	2403	-285.5488194	7.969473973	119	-289.9484936	9.476977874	357	-265.6367516	9.341259216	254.6	-241.7619821	5.46268428	183.4	-267.946616	5.35655922
123.372	19.6	2469	-283.9500018	9.661656507	152.2	-287.0641173	10.25371706	456.6	-262.7677108	10.12038521	339.1	-239.5746968	5.945659766	241	-265.764205	5.846207896
122.031	19.6	2715	-285.5944999	8.826619446	179	-287.109901	7.068754893	537	-262.8132511	6.91634889	367.8	-241.5387898	1.19920386	260.9	-267.723921	0.645249646
120.69	19.6	2379	-283.0363918	9.771441945	109.1	-287.659306	11.20023574	327.3	-263.3597351	11.06857755	236.5	-244.7973985	16.45600641	161.7	-270.9752679	16.38838607
119.349	19.6	1948	-278.5597026	13.44532009	104.3	-283.5845522	16.33165504	313	-259.3066456	16.19545644	253	-239.5746968	17.0685205	171.9	-265.764205	17.00064775
116.667	19.6	1353	-271.4792247	15.35872275	65.24	-278.4109884	18.80121616	195.7	-254.1605882	18.65838811	148.6	-232.1200715	18.24135184	106.9	-258.3261922	18.17278678
115.326	19.6	1521	-262.7085683	7.445462747	86.13	-266.4156457	9.316904814	258.4	-242.2290214	9.18055739	225	-221.0497296	2.686771055	154.2	-247.2805206	2.48420215
112.644	19.6	1646	-262.2974438	8.054149446	98.6	-265.0879169	9.349057785	295.8	-240.9083518	9.212840782	250.4	-219.2195521	4.148596027	175.3	-245.4544216	4.014833185
111.303	19.6	1727	-262.4801658	11.29382728	106.8	-263.9891069	8.758859097	320.5	-239.8153839	8.619890193	267.4	-217.3893746	5.118590976	185.5	-243.6283227	5.006794413
108.621	19.6	1505	-267.2766185	17.18379206	84.91	-268.018077	8.892209142	254.7	-243.822933	8.753931431	224.3	-221.4961144	3.274391443	165.9	-247.7259106	3.107823345
107.28	19.6	1471	-273.4434863	19.99280162	75.43	-270.0783458	12.10480703	226.3	-245.8722479	11.97375935	177.9	-223.5494842	12.38238906	121.9	-249.7747045	12.31363546
105.939	19.6	1666	-267.048216	9.771441945	81.39	-267.0566182	10.55468223	244.2	-242.8665861	10.4220144	203.1	-220.4694294	6.099218145	139.1	-246.7460526	6.001625134
104.598	19.6	1424	-265.951884	7.579191957	74	-268.3385632	7.261794342	222	-244.1417153	7.111462967	185.5	-219.8891292	1.608871582	134.2	-246.1225066	1.249641336
103.257	19.6	882.3	-281.4375742	41.87571622	43.47	-297.044975	49.72686313	130.4	-272.695503	49.44628737	109.6	-251.4485313	47.26514234	77.8	-277.6115787	47.14904609
101.916	19.6	1088	-268.6013531	16.89494232	34.05	-284.729146	35.42231688	102.2	-260.4451539	35.21125218	114.4	-223.9512305	13.40460328	69.25	-250.1755555	13.33671976
97.893	19.6	3084	-270.7940172	8.9438799	184.7	-273.7410458	10.22333669	554.1	-249.5154744	10.08993032	448.4	-227.566947	4.289528193	330.6	-253.7832144	4.159662759
96.552	19.6	2083	-282.8079893	13.76928641	141.7	-286.4689285	13.0029765	425	-262.1756865	12.87178308	334.7	-238.9051197	10.29625324	220.1	-265.09612	10.22377224
95.211	19.6	1710	-287.1019565	14.57554979	127.4	-291.3677899	13.4805465	382.2	-267.0485019	13.34902259	319.8	-245.8240834	10.32987381	208.5	-271.9996648	10.25747989
93.87	19.6	1159	-290.4823136	18.24212863	101.1	-295.9461649	16.45317739	303.4	-271.602535	16.31669842	225.1	-249.7076307	16.48173147	177.8	-275.8745577	16.41410219
92.529	19.6	884.4	-286.3710684	17.39249665	64.1	-290.6352498	17.699223	192.3	-266.3198566	17.55957823	197.5	-246.0919142	14.19173701	138.4	-272.2668988	14.12421316
91.188	19.6	670.9	-284.9549729	15.87875273	59.63	-291.9171949	13.26927518	178.9	-267.5949859	13.13791722	152.9	-246.4936605	12.73821003	99.52	-272.7122888	12.6698169
89.847	19.6	468.8	-281.8030182	19.22533471	35.85	-287.8882248	21.42311157	107.5	-263.5874367	21.2715999	115.5	-244.0385444	17.11912009	75.73	-270.2181049	17.05122292
88.506	19.6	543.9	-277.0979265	16.94762671	39.49	-282.6230935	21.75875283	118.5	-258.3502986	21.60603783	111.5	-238.1462656	19.4802633	77.59	-264.3389571	19.41071511
87.165	19.6	423.2	-278.4683416	15.6334954	27.34	-284.3170922	20.90590088	82.03	-260.0352909	20.75620689	94.66	-238.4140965	15.11753741	60.67	-264.6061911	15.05015388
85.824	19.6	245.7	-282.3968648	14.26177158	21.11	-287.293036	19.2180342	63.34	-262.9954124	19.07392185	65.66	-244.3510137	11.27516983	42.53	-270.5298779	11.20482623
84.483	19.6	160	-283.4931968	12.69163875	9.737	-289.2159536	19.49445361	29.21	-264.9081063	19.34946752	36.27	-246.7614914	17.0938285	24.41	-272.9349838	17.02594361
83.142	19.6	118.3	-285.6401804	14.08903725	9.474	-293.1075724	12.18779768	28.42	-268.7790345	12.05676538	29.64	-242.6547516	22.60935884	19.63	-268.8373959	22.53645862
81.801	19.6	145.2	-288.6550936	19.44935121	10.7	-291.3677899	15.39681184	32.1	-267.0485019	15.26257611	29.6	-252.5198547	19.16743453	18.21	-278.6805146	19.09815631
80.46	19.6	174.5	-290.0255086	16.70994856	12.94	-285.095416	25.3360026	38.81	-260.8094765	25.1695038	48.64	-245.1545063	14.35734838	26.75	-271.3315799	14.28987057
77.778	19.6	969.9	-282.6709478	14.31909697	66.91	-285.3243348	14.0282056	200.7	-261.0371782	13.8961164	177.1	-238.9943967	12.50166124	122	-265.185198	12.43303582
76.437	19.6	1621	-277.874495	12.66094487	117.5	-279.2808797	13.55938475	352.5	-255.0258545	13.42779123	367.1	-234.3519952	8.538966155	250.8	-260.5531422	8.460141134
75.096	19.6	1483	-271.2508222	12.66094487	119.7	-273.6036946	13.76862172	359.1	-249.3788534	13.63682389	343.3	-226.7634544	9.464958257	240.7	-252.9815124	9.389955161
73.755	19.6	589.1	-269.9717681	13.05658664	53.02	-272.230182	14.46480796	159.1	-248.0126435	14.33214005	193.6	-227.566947	10.85815222	137.9	-253.7832144	10.78699393
72.414	19.6	177.9	-269.4692826	13.59311924	19.3	-270.9940208	15.71897389	57.91	-246.7830545	15.58410232	60.21	-226.3170697	13.1461411	50.14	-252.5361224	13.07808403
71.073	19.6	63.77	-263.0283318	10.89310578	8.968	-277.0832596	17.58072107	26.91	-252.8399186	17.44139856	17.33	-236.2268112	5.788587825	21.8	-262.4683191	5.687110983
64.368	19.6	24.4	-264.4444274	15.16489679	5.656	-271.4518583	34.61855052	16.97	-247.2384578	34.41123104	22.51	-244.6188446	19.02239409	10.74	-270.7971119	18.95323627
50.958	19.6	658.6	-286.0513049	5.352992113	45.12	-286.0568748	5.436992745	135.4	-261.7658235	5.257935906	74.32	-242.7440286	7.094278677	53.62	-268.9264739	7.006381704
148.851	17.3	24.78	-271.6162662	18.62278926	3.501	-263.5770531	51.70781941	10.5	-239.4055209	51.41733196	17.79	-250.2432924	6.348030789	5.703	-276.4090257	6.2532191
142.146	17.3	73.17	-276.412719	10.48224197	6.431	-284.0423897	61.00423316	19.29	-259.7620489	60.66669269	11.61	-224.2636998	39.35040975	9.644	-250.4873285	39.24978535
140.805	17.3	91.59	-294.0910733	25.09017981	5.316	-264.1264582	67.75561726	15.95	-239.9520049	67.38349685	22.25	-243.1457749	22.76879236	4.783	-269.3273249	22.69569466
139.464	17.3	131.3	-298.7961651	27.14499292	11.68	-298.6474062	23.77013147	35.03	-274.2894146	23.6098606	26.46	-247.7435378	22.33523136	20.3	-273.9148418	22.26266542
138.123	17.3	235.4	-303.0901323	23.15111615	15.5	-302.0811875	24.72941446	46.5	-277.7049394	24.56535982	33.45	-253.769732	28.21802278	15.4	-279.9276066	28.1371021
136.782	17.3	329.7	-297.1973475	21.97307951	21.99	-297.777515	23.24347599	65.97	-273.4241483	23.08523614	51.75	-244.3510137	17.5466343	46.52	-270.5298779	17.47851041
135.441	17.3	469.4	-294.3194758	20.8462007	42.18	-292.5123836	13.13644078	126.5	-268.1870102	13.00517129	81.34	-248.1452841	14.41232882	53.03	-274.3156928	14.34486418
134.1	17.3	698.4	-293.5429073	19.20038068	49.99	-294.3437337	18.84766344	150	-270.0086234	18.70469433	114.8	-248.4131149	18.94971368	71.93	-274.5829268	18.88061502
132.759	17.3	903.8	-288.8834961	15.08144041	67.31	-291.2304386	12.13250248	201.9	-266.9118809	12.00146064	142.8	-245.1545063	10.46361943	89.07	-271.3315799	10.39156152
131.418	17.3	1279	-286.9192345	10.7573349	92.19	-289.0328186	8.45374918	276.6	-264.725945	8.313029837	207.1	-243.815352	3.774973303	143.3	-269.9954099	3.629275387
130.077	17.3	1431	-287.513081	10.51689681	98.83	-288.8038998	10.00915023	296.5	-264.4982434	9.875177309	217.3	-243.8599905	6.868350466	158.5	-270.0399489	6.778560091
128.736	17.3	1605	-288.8378156	11.09466498	93.98	-291.8714111	10.13187298	281.9	-267.5494455	9.998233605	238.2	-245.1545063	4.426299943	157.1	-271.3315799	4.299949555
124.713	17.3	3245	-284.6808899	8.304084395	170.2	-287.109901	9.057075399	510.6	-262.8132511	8.919594367	398.1	-240.6013818	4.358409361	278.8	-266.788602	4.230345415
120.69	17.3	5460	-281.5746157	5.232641846	263.9	-284.3170922	5.946065009	791.8	-260.0352909	5.777476446	462	-238.3248195	4.624461286	324.7	-264.5171131	4.502787183
119.349	17.3	4392	-275.6361504	15.74273123	228.8	-281.6616347	8.105705698	686.5	-257.3939517	7.96267397	471.2	-235.735788	3.852411009	335.3	-261.9338511	3.709401218
118.008	17.3	3752	-272.6212373	11.94191968	224.5	-277.1748271	8.6579574	673.6	-252.9309992	8.518436359	422.4	-230.6470018	5.518175452	324	-256.8564053	5.41288783
116.667	17.3	2648	-270.6569757	9.326727821	131.9	-275.6639633	12.62575515	395.8	-251.4281683	12.49470379	294.5	-231.0487481	11.11598312	199.7	-257.2572563	11.04534407
115.326	17.3	2565	-269.8804071	14.37629853	144.8	-275.0687746	17.15189928	434.3	-250.836144	17.01370723	342.4	-230.1559786	16.63570023	250.7	-256.3664763	16.56801435
112.644	17.3	3432	-264.0789834	7.490254177	221.3	-267.9722932	8.624148863	664	-243.7773927	8.484437028	498.7	-221.6300298	3.274391443	359.7	-247.8595276	3.107823345
108.621	17.3	1589	-279.1078686	34.37021078	119.3	-266.7819157	10.25371706	357.9	-242.5933441	10.12038521	288.1	-219.1302752	5.118590976	209.2	-245.3653436	5.006794413
107.28	17.3	3013	-288.4723715	26.02123001	102.8	-279.8302847	26.49823672	308.5	-255.5723384	26.32695481	253.9	-227.3883931	18.99817926	172.6	-253.6050584	18.92904124
105.939	17.3	3040	-276.1386359	15.24811861	130.8	-273.9241808	12.94941006	392.3	-249.6976357	12.81824348	310.8	-226.6741775	10.26255756	215.7	-252.8924344	10.18998821
104.598	17.3	1820	-267.41366	10.89310578	101.4	-268.018077	10.16241514	304.1	-243.822933	10.02885503	237	-221.5853913	2.994487197	189.3	-247.8149886	2.812773027
103.257	17.3	962.7	-268.7840751	23.36113264	53.24	-272.0928308	14.89595154	159.7	-247.8760225	14.76261134	143	-221.6746683	12.91394742	89.57	-247.9040666	12.84570876
101.916	17.3	1192	-270.9767392	20.62799202	52.88	-275.0229908	15.02178817	158.6	-250.7906037	14.88823412	139.3	-225.1564693	10.72771736	93.9	-251.3781085	10.65627623
100.575	17.3	2704	-271.7076272	8.628517161	108.7	-274.5193696	10.64400521	326	-250.28966	10.51150954	251.7	-227.4330316	7.138757403	185.9	-253.6495974	7.051215036
97.893	17.3	3787	-273.9459718	10.30776802	239.3	-277.4495296	10.82138291	717.8	-253.2042412	10.68919712	548.1	-230.8701942	6.445257247	417.3	-257.0791003	6.351461057
96.552	17.3	2312	-282.2598232	14.00223398	156.9	-287.7966573	15.17223702	470.6	-263.4963561	15.03841733	366.6	-240.6906587	13.88540699	263.4	-266.87768	13.81777177
95.211	17.3	2302	-284.4981679	12.32028238	163.2	-289.3075211	12.27050441	489.7	-264.999187	12.13948124	357.3	-244.1278213	10.69494412	227.9	-270.3071829	10.62342971
93.87	17.3	1822	-287.1019565	11.87813123	143.9	-292.3750324	12.24296669	431.8	-268.0503892	12.11194116	332.2	-245.9579988	9.24896181	231.7	-272.1332818	9.173173572
92.529	17.3	865	-287.9242055	15.60612729	76.8	-293.1075724	12.51697729	230.4	-268.7790345	12.38594586	208.2	-245.3776986	10.19493787	142.5	-271.5542748	10.12218795
91.188	17.3	642	-285.2747364	14.34771313	53.9	-292.6497349	12.51697729	161.7	-268.3236312	12.38594586	180.7	-244.4402906	7.401037759	103.8	-270.6189559	7.315473896
89.847	17.3	409.2	-280.2042006	17.18379206	34.69	-286.6062798	17.34292354	104.1	-262.3123075	17.20423496	96.3	-241.6727052	15.27791424	63.08	-267.857538	15.21052779
88.506	17.3	286.7	-273.5805278	19.20038068	19.42	-281.2495809	25.91831588	58.26	-256.9840887	25.74943628	63.75	-233.4145873	18.63349583	40.42	-259.6178232	18.56464521
87.165	17.3	383.7	-269.4236021	12.66094487	23.11	-275.3892608	18.40500013	69.33	-251.1549263	18.26335363	75.04	-225.2457463	11.27516983	50.13	-251.4671865	11.20482623
85.824	17.3	226	-272.0730713	14.80150734	15.37	-280.7917434	20.47615541	46.11	-256.5286854	20.32793577	58.71	-227.1205622	10.79306522	36.66	-253.3378244	10.72176753
84.483	17.3	122.6	-287.3760395	22.35222512	14	-292.3292486	15.02178817	41.99	-268.0048489	14.88823412	30.02	-247.9220917	24.07734757	22.8	-274.0929978	24.00254996
81.801	17.3	97.47	-290.0255086	20.09100585	6.751	-296.2666512	28.75458615	20.25	-271.9213173	28.5736956	15.4	-242.4761977	41.61699808	9.731	-268.6592399	41.51202714
80.46	17.3	65.09	-292.7663388	30.6923876	5.948	-271.5434258	41.1627212	17.84	-247.3295385	40.92430838	21.77	-259.6173722	13.29008126	11.69	-285.8067544	13.22212446
79.119	17.3	132.8	-284.5438484	24.31078977	6.151	-264.1722419	50.30759136	18.45	-239.9975452	50.024115	21.96	-229.8435092	40.99117208	10.11	-256.0992423	40.88740905
77.778	17.3	613.1	-283.7672798	14.08903725	38.96	-284.0881735	15.57060195	116.9	-259.8075892	15.43602878	95.02	-238.5033734	13.82931955	63.41	-264.6952691	13.76166011
76.437	17.3	1495	-283.1734333	12.13201751	103.9	-286.2857935	12.38034824	311.7	-261.9935251	12.24932784	298.5	-239.9318046	9.28521336	195.5	-266.120517	9.209561047
75.096	17.3	1844	-276.4583995	10.9941932	149.2	-280.1507709	12.27050441	447.5	-255.8911208	12.13948124	448.9	-233.6377796	7.138757403	301.7	-259.8405182	7.051215036
73.755	17.3	620.8	-271.7989882	16.20291555	57.69	-275.4350446	15.6942824	173.1	-251.2004667	15.55946113	175.5	-229.9774247	15.30456254	129.8	-256.1883203	15.23717487
69.732	17.3	57.19	-271.2965027	5.109752303	3.637	-261.3794331	42.54094041	10.91	-237.219585	42.29583403	16.05	-229.3971245	14.43977788	13.93	-255.6093133	14.37231943
56.322	17.3	81.55	-277.7374535	4.85558027	8.331	-286.2400098	12.10480703	24.99	-261.9479848	11.97375935	19.91	-242.7886671	8.10683945	7.941	-269.0155519	8.025765677
17.433	17.3	10.21	-454.2012336	37.28907542	10.02	-297.96065	9.316904814	30.05	-273.6063096	9.18055739	6.004	-210.6043264	72.98697189	3.551	-236.8583949	72.81734929
154.215	15	26.64	-301.8567587	29.35966947	2.536	-287.293036	86.25046688	7.609	-262.9954124	85.78256273	6.439	-232.7003716	19.55218504	5.378	-258.9051992	19.48257284
152.874	15	23.2	-292.5836167	33.08841371	3.81	-280.7459597	46.61598806	11.43	-256.4831451	46.35087104	13.03	-229.3971245	47.72274457	-2.722	-255.6093133	47.60573181
147.51	15	48.36	-276.0929554	8.262839679	6.098	-295.2594087	21.57990312	18.29	-270.91943	21.42783158	13.82	-249.1273306	16.30126665	11.05	-275.2955507	16.23369681
139.464	15	88.55	-278.6510636	12.6302062	10.43	-277.7242321	12.86886274	31.29	-253.4774832	12.73773244	21.75	-238.8158428	2.078323115	17.01	-265.007042	1.812417281
138.123	15	179.6	-285.1833754	17.28828508	23.58	-291.1388711	3.4968991	70.73	-266.8208002	3.239925685	48.74	-235.5125956	9.886726749	36.17	-261.7111561	9.813095934
135.441	15	400.7	-285.0920144	14.34771313	37.27	-284.729146	6.911426845	111.8	-260.4451539	6.757198613	72.35	-239.9764431	6.298940414	51.34	-266.209595	6.203601258
134.1	15	437.3	-292.3552142	23.96465637	28.74	-295.4425437	25.20625809	86.21	-271.1015914	25.04028524	69.29	-247.1185992	19.11913476	45.18	-273.2912958	19.04989698
132.759	15	644.7	-288.243969	15.38631072	49.57	-288.3460623	9.476977874	148.7	-264.04284	9.341259216	94.49	-243.8599905	10.72771736	54.3	-270.0399489	10.65627623
130.077	15	1423	-288.243969	12.84444762	105.6	-289.3075211	10.00915023	316.8	-264.999187	9.875177309	231.8	-242.3422823	4.426299943	147.7	-268.5256229	4.299949555
128.736	15	1909	-289.8884671	11.6531397	107.4	-290.1316286	8.825700275	322.1	-265.818913	8.687083202	231.2	-243.0118594	7.2708578	155.4	-269.1937079	7.184335381
127.395	15	3285	-288.9291766	6.937268667	189.4	-290.4978986	6.871669611	568.1	-266.1832356	6.716961121	367	-244.5742061	4.219607928	270.6	-270.7525729	4.087845642
120.69	15	6168	-282.6252673	5.976225522	290.5	-284.546011	5.901280151	871.5	-260.2629926	5.731865257	500.9	-237.9677117	2.213108977	377.4	-264.1608011	1.964867836
119.349	15	5780	-278.8337856	5.976225522	246.3	-282.1194722	9.024259294	739	-257.849355	8.886624633	487	-237.43205	7.739527978	338.4	-263.6263331	7.656257272
118.008	15	6978	-273.3521253	6.547299048	355.4	-276.5338546	7.299945095	1066	-252.2934346	7.150003863	662.1	-230.9594711	2.89542679	484	-257.1681783	2.707550995
116.667	15	4404	-263.9876224	11.94191968	174.5	-268.018077	12.46241438	523.6	-243.822933	12.33138926	340.9	-223.1923764	13.66030712	245	-249.4629315	13.59256726
115.326	15	1087	-259.5109331	32.25046215	44.21	-279.1435284	41.73066087	132.6	-254.8892335	41.48949483	107.8	-236.9410268	38.82192425	81.01	-263.1364041	38.72230146
113.985	15	726.9	-266.3630085	41.1091184	40.62	-289.2159536	36.81915444	121.9	-264.9081063	36.60152614	104.2	-245.7348064	33.81004443	75.16	-271.9105868	33.71964666
112.644	15	879.3	-250.1007497	20.77355605	37.49	-257.9456518	27.92792541	112.5	-233.8040602	27.75060004	115.3	-211.1399881	17.62161335	81.82	-237.4374019	17.55344606
111.303	15	1553	-243.5227574	15.79720888	83.02	-246.8659841	15.02178817	249.1	-222.7833	14.88823412	217.8	-202.4354854	12.70878321	136.2	-228.7077581	12.64036273
109.962	15	2499	-246.9031145	12.72228818	133.2	-248.6515504	10.79193481	399.7	-224.5593729	10.65970046	366.6	-202.0337391	7.69786725	259.9	-228.3069071	7.614328961
108.621	15	1517	-255.4453684	18.54691678	90.04	-257.6251655	12.13250248	270.1	-233.4852778	12.00146064	245.1	-212.166673	7.86346022	167.1	-238.4172598	7.780962651
107.28	15	1918	-273.7175693	33.51663317	108.8	-262.7529456	19.88415819	326.5	-238.5857949	19.73791203	252.4	-215.1574509	15.46397614	180.8	-241.4013728	15.39657705
105.939	15	4359	-279.0621881	23.22118678	200.6	-270.4903995	18.10023354	601.7	-246.2821109	17.95946824	515	-220.7372603	11.05189414	384.3	-246.9687476	10.98113082
104.598	15	2953	-273.2150838	21.42418402	153.9	-270.1699133	17.05611701	461.8	-245.9633286	16.91816953	388.6	-221.4068374	10.09292607	281.4	-247.6813716	10.01989527
103.257	15	1454	-268.6927141	21.49604853	67.46	-276.9459084	19.90701539	202.4	-252.7032976	19.76069433	182.2	-226.7634544	11.86751888	128.8	-252.9815124	11.79812061
101.916	15	2038	-272.0273907	21.42418402	65.79	-283.9050385	28.22511633	197.4	-259.6254279	28.04651486	150	-236.4053651	26.46336907	112.1	-262.6019361	26.38516185
100.575	15	4316	-273.2150838	11.06124175	143.6	-276.9459084	14.18295534	430.7	-252.7032976	14.05067337	340.2	-228.7721858	6.541258518	238.9	-254.9857673	6.448428424
99.234	15	7189	-273.6262083	9.439332262	338.1	-276.6254221	11.14241579	1014	-252.3845153	11.01068837	730.1	-230.200617	4.999207619	529.5	-256.4110153	4.885229894
97.893	15	4396	-279.4733126	15.3034714	287.9	-283.4014172	15.49621271	863.6	-259.1244843	15.36178559	613	-237.1642192	15.01014656	440.9	-263.4036381	14.94276073
96.552	15	2016	-283.7215993	16.52400013	144.3	-289.3075211	17.58072107	432.8	-264.999187	17.44139856	361	-245.4223371	19.07078807	247.5	-271.5988138	19.00159042
95.211	15	1800	-280.0214786	10.05999323	116.8	-285.278551	10.88014427	350.4	-260.9916379	10.74805203	276.4	-240.0210816	8.344673067	189	-266.254134	8.264878578
93.87	15	1812	-282.1684622	9.364372882	123.6	-286.7894148	10.55468223	370.9	-262.4944688	10.4220144	297.6	-241.2709589	5.350177095	211.6	-267.456687	5.2422913
92.529	15	999.2	-285.2290559	12.50679707	82.08	-290.4063311	11.17134624	246.2	-266.0921549	11.03965396	129.8	-258.1443026	31.72216948	153.9	-284.2924285	31.63543333
91.188	15	586.4	-286.8278735	16.33706442	51.24	-293.7943286	15.04690461	153.7	-269.4621395	14.91330696	149.8	-246.5829375	16.48173147	85.34	-272.7568278	16.41410219
89.847	15	375.4	-283.2647943	17.67766781	30.01	-286.6062798	17.43817144	90.02	-262.3123075	17.29923102	105.9	-242.3422823	13.03034075	69.97	-268.5256229	12.96219624
88.506	15	356	-272.8496398	14.46187188	30	-278.9603934	14.99665488	90.01	-254.7070722	14.86314416	80.62	-232.7896486	14.60390576	55.13	-258.9942772	14.53647901
87.165	15	412.8	-267.961826	8.668412946	29.22	-272.7338033	14.07987039	87.67	-248.5135871	13.94771839	74.45	-225.9153234	7.314459407	52.85	-252.1352714	7.228263062
85.824	15	269.8	-270.0631292	13.79852443	20.59	-277.6784484	16.76765258	61.78	-253.4319429	16.63042333	54.08	-228.5489934	19.4802633	31.46	-254.7630724	19.41071511
84.483	15	138.8	-274.4941379	19.57337018	10.18	-269.6205082	26.7980459	30.54	-245.4168446	26.62551046	35.39	-236.2268112	17.67152435	22.38	-262.4237801	17.60332759
83.142	15	105.6	-268.7840751	17.88380879	7.165	-288.5749811	23.15545011	21.49	-264.2705417	22.9975463	28.17	-225.3350232	26.81209625	16.39	-251.5562644	26.73336223
81.801	15	94.2	-276.9152045	18.54691678	8.249	-278.0447184	23.50712032	24.75	-253.7962655	23.34786805	25.53	-242.3422823	30.64775242	20.38	-268.5256229	30.56284787
80.46	15	90.51	-280.5239642	19.91902917	6.12	-263.2565669	57.98589246	18.36	-239.0867386	57.66371253	16.05	-232.6110947	25.49838832	12.62	-258.8161212	25.4216031
79.119	15	88.65	-279.4733126	25.40913486	6.818	-273.4205596	40.37058645	20.45	-249.1966921	40.13600117	23.46	-235.2894032	37.14876579	15.34	-261.4884611	37.05228102
77.778	15	433.9	-273.3521253	19.07541695	27.05	-273.6952621	17.98258665	81.14	-249.4699341	17.84215478	57.35	-227.5223085	21.41358951	37.71	-253.7386754	21.3420954
76.437	15	1645	-281.7116572	12.78345492	101.6	-282.2110397	13.84672109	304.9	-257.9404357	13.71483991	273.6	-236.1375342	11.95935779	175.9	-262.3347021	11.89008588
75.096	15	1871	-277.3720095	11.09466498	160.1	-280.0134197	11.45844883	480.3	-255.7544998	11.327053	458.8	-234.6198261	6.822425135	315.5	-260.8203762	6.732230145
73.755	15	592.6	-273.7175693	11.49071731	57.7	-279.0519609	11.17134624	173.1	-254.7981528	11.03965396	186	-231.1826635	8.10683945	129.7	-257.3908733	8.025765677
72.414	15	265.8	-274.3570964	14.91380818	26.36	-276.3507196	17.91188097	79.09	-252.1112733	17.77164764	69.14	-231.227302	12.88475456	59.87	-257.4354123	12.81649127
71.073	15	127.1	-273.6718888	15.6334954	13.86	-275.5723958	11.31539035	41.57	-251.3370877	11.18385848	34.71	-234.4412722	12.32249509	25.79	-260.6422202	12.25367423
69.732	15	73.94	-266.865494	10.55147352	8.218	-283.7219035	17.41437573	24.66	-259.4432666	17.27549848	23.97	-226.3617082	6.868350466	5.541	-252.5806614	6.778560091
67.05	15	40.03	-275.6361504	4.23339842	6.782	-280.3796897	21.95953506	20.35	-256.1188224	21.8060917	-0.7658	-149.7620846	79.67463162	3.975	-176.1517397	79.49069082
61.686	15	36.02	-270.0631292	3.766370448	6.771	-283.996606	18.40500013	20.31	-259.7165086	18.26335363	16.94	-235.6911495	7.904430131	1.514	-261.8893121	7.822180821
155.556	12	18.23	-285.6858609	22.44668176	9.008	-394.7017153	1.709757224	27.02	-369.8330293	1.136119037	3.78	-247.38643	16.27541097	9.121	-273.5585298	16.20784901
154.215	12	40.39	-298.704804	20.09100585	7.935	-296.5871374	22.84677433	23.8	-272.2400997	22.69004087	21.41	-247.1185992	20.28978613	13.06	-273.2912958	20.21947803
147.51	12	40.6	-274.4484574	7.309750804	5.483	-284.362876	14.26005848	16.45	-260.0808312	14.12767533	-4.052	-206.7654175	10.53006005	8.774	-233.028041	10.45816304
142.146	12	58.89	-277.5547315	7.579191957	6.636	-290.5436823	8.45374918	19.91	-266.2287759	8.313029837	9.775	-274.3480691	66.72104266	8.979	-300.460085	66.56472887
140.805	12	73.51	-281.8486987	13.41564905	10.9	-290.8183849	5.091261238	32.7	-266.5020179	4.903523549	19.27	-244.4402906	3.774973303	17.63	-270.6189559	3.629275387
138.123	12	113	-283.9956823	13.56363274	11.44	-292.1918974	16.76765258	34.32	-267.8682279	16.63042333	23.3	-245.5116141	15.70160741	10.14	-271.6878918	15.63417829
136.782	12	221.1	-285.6858609	12.6302062	21.67	-288.0255761	7.185043039	65	-263.7240577	7.033907244	41.07	-241.8066206	12.53137362	30.28	-267.991155	12.46277896
135.441	12	422.5	-288.2896495	16.20291555	40.71	-290.3147636	6.252274682	122.1	-266.0010743	6.088913752	103	-245.8240834	8.653946815	68.17	-271.9996648	8.575665542
134.1	12	966.9	-289.1575791	10.44750821	76.91	-291.6424924	9.885516078	230.7	-267.3217439	9.751182076	174.1	-245.1545063	2.79298371	111.7	-271.3315799	2.598208703
132.759	12	643.8	-287.969886	17.18379206	51.12	-290.0400611	14.28572	153.3	-265.7278323	14.15330243	107.4	-241.9851745	11.62042805	75.69	-268.1693109	11.55066368
131.418	12	1035	-285.4117779	11.74989994	82.52	-286.8351985	9.122477832	247.6	-262.5400091	8.985295836	177.2	-240.6906587	4.148596027	115.1	-266.87768	4.014833185
130.077	12	1424	-288.7464546	11.62077205	86.9	-287.2472523	8.792321698	260.7	-262.9498721	8.653530296	183.4	-240.0657201	1.608871582	128.4	-266.298673	1.249641336
126.054	12	2405	-289.7514256	10.79138543	137.5	-290.2231961	8.034852769	412.6	-265.9099936	7.891305283	297.8	-243.9492674	5.350177095	231.9	-270.1290269	5.2422913
124.713	12	2402	-284.4524874	12.93561572	131.4	-286.560496	8.825700275	394.2	-262.2667671	8.687083202	307.4	-239.5746968	4.624461286	204.9	-265.764205	4.502787183
123.372	12	3681	-281.4832547	7.445462747	203.7	-284.4086597	8.034852769	611.1	-260.1263716	7.891305283	453.7	-237.43205	2.213108977	305.1	-263.6263331	1.964867836
118.008	12	7000	-271.3878637	7.490254177	232.7	-277.2206109	12.62575515	698.1	-252.9765396	12.49470379	334	-242.2530054	28.58308468	247.1	-268.4365449	28.50158098
116.667	12	1357	-291.3502432	36.63659815	80.2	-315.3584753	28.18269133	240.6	-290.9116354	28.00427242	213.9	-271.9822299	24.05496343	147.2	-298.0995181	23.980196
115.326	12	401.4	-288.243969	60.41421099	38.15	-313.6644765	24.94638192	114.4	-289.2266432	24.78145741	86.57	-263.4116426	25.45430601	60.53	-289.5480303	25.37758442
113.985	12	503.9	-259.6479746	56.25761585	29.51	-272.8253708	60.68680252	88.54	-248.6046678	60.35088069	90.3	-223.058461	56.98030119	63.83	-249.2847755	56.8443907
112.644	12	628.8	-269.6976851	48.17857361	41.22	-274.7940721	47.70118515	123.7	-250.562902	47.43069153	114.7	-226.8973699	43.8291683	83.92	-253.1596684	43.71988487
111.303	12	977.4	-231.1433413	18.03774512	61.82	-231.1621576	13.4805465	185.5	-207.1629664	13.34902259	133.7	-194.3112829	23.89810854	82.76	-220.6016604	23.82355165
109.962	12	1342	-233.7014494	14.99774554	72.17	-237.6176665	12.59860371	216.5	-213.5841531	12.46755823	180.8	-193.9541751	16.3787205	119	-220.2453484	16.31112608
108.621	12	906.6	-266.682772	39.19499059	40.06	-274.4735858	39.06777378	120.2	-250.2441197	38.8394497	98.94	-229.0846552	40.10092549	71.66	-255.2975403	39.99887068
107.28	12	2388	-259.0084476	17.70349227	124.8	-260.3264068	12.18779768	374.3	-236.1721574	12.05676538	315	-213.193358	8.843072391	221.6	-239.4416568	8.765639793
105.939	12	3899	-272.2557933	25.47733967	163.5	-263.1192156	19.60929799	490.6	-238.9501176	19.46394393	423.7	-214.3985968	12.14175112	316	-240.6442098	12.07271523
104.598	12	4669	-286.4624295	19.52379928	226.4	-292.6497349	16.76765258	679.1	-268.3236312	16.63042333	377.8	-243.6367981	22.24362197	273.2	-269.8617929	22.17116622
103.257	12	3435	-286.0969854	18.77415575	151.2	-296.2666512	16.16097143	453.7	-271.9213173	16.0251573	258.2	-248.5023919	17.89539565	177.3	-274.6720048	17.82706105
101.916	12	4958	-279.5646736	14.57554979	140.5	-286.4231448	18.59177429	421.4	-262.1301461	18.44957575	287.8	-239.9318046	17.0685205	201.2	-266.120517	17.00064775
100.575	12	7398	-275.4991089	10.79138543	253.4	-279.3266634	13.50684905	760.3	-255.0713948	13.37530237	509.4	-232.6110947	9.886726749	381	-258.8606602	9.813095934
99.234	12	6459	-277.6460925	14.80150734	322.1	-282.348391	17.699223	966.2	-258.0770567	17.55957823	707	-238.5033734	16.89089866	479.3	-264.6952691	16.82310744
97.893	12	3926	-285.4117779	17.70349227	297	-292.0087624	17.29523407	891.1	-267.6860665	17.15667053	712.8	-248.6809458	14.8753615	526.5	-274.8501607	14.80796784
96.552	12	1702	-279.1535491	14.60389545	118	-284.362876	14.33698437	353.9	-260.0808312	14.20449694	288.1	-240.8692126	14.90236779	215.1	-267.100375	14.83497615
95.211	12	1197	-278.5597026	13.26672413	82.49	-283.996606	11.0844307	247.5	-259.7165086	10.95262986	193.2	-237.7891578	13.34741123	141.5	-263.9826451	13.27949182
93.87	12	1084	-279.6103541	11.97373364	82.73	-284.2713085	11.37272993	248.2	-259.9897506	11.24125532	205.6	-239.6639738	10.46361943	150.5	-265.853283	10.39156152
92.529	12	701.9	-280.1585201	17.28828508	55.59	-286.011091	14.13145334	166.8	-261.7202832	13.99923707	149.6	-240.0657201	12.76759719	98.21	-266.298673	12.69923093
91.188	12	550	-280.4782837	20.01736963	41.26	-287.0183335	19.3794165	123.8	-262.7221704	19.23479611	127.3	-240.6013818	18.99817926	83.92	-266.788602	18.92904124
89.847	12	504.3	-277.5547315	15.93300158	41.67	-279.6013659	14.41373584	125	-255.3446368	14.28114111	129.9	-235.6018725	15.88524145	81.44	-261.8002341	15.81777886
88.506	12	574.1	-274.0373328	9.916463443	47.48	-277.8157996	12.13250248	142.4	-253.5685639	12.00146064	143.3	-231.4504943	6.348030789	112.2	-257.6581073	6.2532191
87.165	12	525.9	-269.4236021	10.23740328	33.74	-272.779587	15.24723959	101.2	-248.5591274	15.11328352	97.34	-229.7095938	14.98323856	68.73	-255.9210863	14.91585161
85.824	12	297.2	-268.8754361	13.91513272	23.02	-276.9001246	18.7547345	69.07	-252.6577573	18.6120471	70.36	-230.289894	14.24705377	52.76	-256.5000933	14.17954638
84.483	12	217	-269.0124776	11.91005236	16.9	-274.2446671	15.54582076	50.7	-250.016418	15.41129651	63.84	-229.3078475	11.3699915	34.95	-255.5202353	11.2998152
83.142	12	128.6	-278.3313001	25.61360129	10.5	-284.4544435	20.43078192	31.51	-260.1719119	20.28271596	35.52	-227.3437546	22.47242514	20.53	-253.5605194	22.39969275
81.801	12	114	-294.2737953	36.65767303	10.01	-300.6161075	34.74233959	30.03	-276.2476488	34.53444489	30.7	-242.967221	34.49418114	28.95	-269.1491689	34.40255743
80.46	12	125.6	-268.8754361	14.71698796	5.746	-289.6280073	34.43277384	17.24	-265.3179693	34.22631648	27.83	-238.3248195	22.85974395	20.95	-264.5171131	22.78653261
79.119	12	124.7	-268.9211166	19.00028198	9.792	-285.3701185	17.3190843	29.38	-261.0827185	17.18045832	23.62	-219.1302752	18.43784245	17.56	-245.3653436	18.36913744
77.778	12	725.3	-277.1892875	15.6334954	44.46	-277.1290434	13.21621579	133.4	-252.8854589	13.08489467	86.25	-227.7455009	16.50743821	63.12	-253.9613704	16.43979986
76.437	12	2065	-279.9757981	13.97323361	129.3	-280.9748784	16.18539491	387.9	-256.7108467	16.04952644	350.5	-234.8876569	13.54699147	236	-261.0876102	13.47919129
75.096	12	1180	-276.3670385	14.37629853	97.27	-281.2953647	16.40460732	291.8	-257.029629	16.26824106	292.6	-233.8163335	12.08114028	199.1	-260.0186742	12.01202812
73.755	12	279.6	-274.0373328	13.17690413	24.08	-277.9531509	20.20350907	72.23	-253.7051849	20.0562069	81.34	-231.8522406	9.921300325	58.28	-258.0589583	9.847773213
72.414	12	248.7	-275.0423039	13.08672657	22.07	-277.1748271	18.05320394	66.22	-252.9309992	17.91257239	86.8	-233.5485027	8.305398887	50.58	-259.7959792	8.22540037
71.073	12	141.8	-276.4583995	17.15762423	13.51	-279.5555822	19.3103003	40.52	-255.2990965	19.16589821	53.82	-236.6285575	11.74437841	43.88	-262.8246311	11.67480254
69.732	12	75.93	-268.8754361	16.49735626	5.251	-272.8711546	26.476799	15.75	-248.6502081	26.30560643	16	-231.7183252	26.61607396	12.71	-257.9698803	26.53763687
67.05	12	49.87	-271.3878637	6.083488469	8.385	-281.3869322	9.089814636	25.15	-257.1207097	8.952484476	12.11	-226.3170697	28.98989589	13.42	-252.5361224	28.90773564
64.368	12	35	-268.7840751	9.988410768	7.926	-287.8424411	16.20980492	23.78	-263.5418964	16.07388192	13.45	-242.4761977	21.0179411	8.302	-268.6592399	20.94688065
9.387	12	36.39	-271.7076272	3.847902021	3.61	-257.167328	86.50582033	10.83	-233.0298745	86.03658609	14.51	-236.6285575	24.27854253	12.59	-262.8246311	24.2034719
158.238	10	13.77	-264.7641909	7.884080118	7.913	-405.1861943	8.858995779	23.74	-380.2617652	8.720549917	5.775	-209.8008338	52.31801176	3.158	-236.0566929	52.1916952
152.874	10	31.71	-280.8437277	8.9438799	4.599	-262.6155944	49.10565234	13.8	-238.4491739	48.82817449	10.44	-256.2248481	35.23803443	2.128	-282.3772515	35.14506462
151.533	10	21.99	-269.8804071	13.88603179	2.772	-270.1241295	58.93973635	8.317	-245.9177882	58.61270986	13.7	-256.0016557	24.81282416	-1.603	-282.1545565	24.73701472
139.464	10	76.86	-274.4027769	8.011900079	6.439	-283.5845522	17.86469423	19.32	-259.3066456	17.72459261	11.46	-250.4218463	20.50211423	14.58	-276.5871817	20.43159315
138.123	10	122.1	-279.7017151	11.6531397	12.34	-291.9629786	15.42168534	37.01	-267.6405262	15.28740213	25.37	-230.7809172	3.928414019	19.24	-257.0345613	3.787926972
136.782	10	294.7	-285.7315414	8.628517161	22.79	-289.4448723	14.64297115	68.38	-265.135808	14.51003706	71.73	-245.6455295	2.078323115	43.23	-271.8215088	1.812417281
135.441	10	651.2	-285.8229024	9.661656507	57.02	-290.0400611	7.927743874	171.1	-265.7278323	7.783385834	122.3	-243.3243288	8.026353894	84.68	-269.5054809	7.944822628
131.418	10	1456	-287.695803	11.3597039	100.8	-288.4834136	11.2578931	302.3	-264.179461	11.12630006	207.3	-241.2709589	7.138757403	151.5	-267.456687	7.051215036
130.077	10	1581	-288.5180521	10.7573349	97.25	-287.6135223	8.315734172	291.7	-263.3141947	8.174140308	204.7	-240.9584896	5.46268428	140.8	-267.189453	5.35655922
128.736	10	1876	-287.7414835	11.06124175	89.88	-287.293036	9.25238629	269.6	-262.9954124	9.115770753	205.8	-240.1996355	4.688807648	147	-266.387751	4.568555505
127.395	10	1527	-288.426691	13.62256956	87.58	-287.8882248	11.79798185	262.7	-263.5874367	11.66682106	181.5	-243.1011364	10.5631747	145.8	-269.2827859	10.49135642
126.054	10	1574	-290.8020772	17.49643179	79.86	-292.8328699	17.3190843	239.6	-268.5057925	17.18045832	149.4	-251.6270852	24.50154869	98.48	-277.7897347	24.42617208
124.713	10	2702	-280.6153252	9.021415462	133.9	-283.1267147	10.10127592	401.8	-258.8512423	9.96755565	299.7	-236.7178344	4.999207619	214.4	-262.9137091	4.885229894
123.372	10	8308	-280.1128396	5.921960881	239.6	-285.5990373	8.958393098	718.9	-261.3104202	8.82044272	464.1	-238.8604812	3.44891646	343.5	-265.051581	3.290399282
122.031	10	9271	-283.6302383	10.41269474	376.6	-287.3846035	8.246135626	1130	-263.0864931	8.104079966	713.2	-241.5387898	4.559285712	518.4	-267.723921	4.436124572
119.349	10	18940	-276.8238435	6.497167968	833.5	-280.5628247	7.636956606	2501	-256.3009837	7.490198765	1605	-234.6198261	1.778970259	1184	-260.8203762	1.461268396
118.008	10	11470	-273.7175693	9.988410768	414.6	-280.2881222	9.635372995	1244	-256.0277418	9.500227459	674.5	-235.5572341	10.36342	514.8	-261.7556951	10.29111191
116.667	10	2189	-273.9459718	20.96707492	64.87	-292.2376811	26.86221438	194.6	-267.9137682	26.68940966	133.9	-248.5470304	27.91659343	105.9	-274.7165438	27.83614961
115.326	10	422.3	-291.3959237	45.80792856	27.77	-305.9270226	25.53038294	83.3	-281.5303272	25.36309305	65.18	-253.3233472	36.55453619	43.93	-279.4822166	36.4591529
113.985	10	767.1	-252.4304553	35.79205257	40.76	-263.0734319	41.406201	122.3	-238.9045772	41.16660875	105	-218.7731674	43.06639173	73.21	-245.0090316	42.95860245
112.644	10	1003	-256.1762565	33.87985893	60.76	-260.5553256	33.7713039	182.3	-236.399859	33.56790498	155.2	-215.8716665	35.83547565	117.2	-242.1585357	35.74141532
111.303	10	948.6	-255.856493	34.11452604	57.93	-251.3985754	21.7364162	173.8	-227.2917928	21.58378184	181	-205.2923478	20.26614549	116.3	-231.558254	20.19586077
109.962	10	838.5	-258.2775596	43.69233013	60.67	-248.5599829	23.24347599	182	-224.4682923	23.08523614	174.9	-202.2569315	17.1948971	136.1	-228.5296021	17.12696238
108.621	10	1542	-251.7909283	19.49899553	91.84	-251.9479805	16.76765258	275.5	-227.8382768	16.63042333	265.6	-206.8993329	13.82931955	193.9	-233.161658	13.76166011
107.28	10	4723	-253.3897458	11.09466498	261.4	-254.6492217	9.916511919	784.2	-230.5251563	9.782270857	638	-208.2831257	6.249521964	430.7	-234.542367	6.153641508
105.939	10	7425	-262.2517633	11.58834647	318.7	-261.7457031	12.21539785	956.1	-237.5839076	12.08436928	704.5	-214.0861275	8.305398887	518.7	-240.3324368	8.22540037
104.598	10	6408	-276.869524	15.85159431	213.3	-275.8928821	15.74365067	639.8	-251.65587	15.60872857	427.4	-228.4597165	13.85737868	320.3	-254.6739944	13.7897315
103.257	10	12190	-283.2191138	9.988410768	556.2	-286.7894148	10.16241514	1669	-262.4944688	10.02885503	976.8	-240.0210816	6.396800641	682.5	-266.209595	6.302503109
101.916	10	10970	-280.0214786	9.952483206	491.5	-283.813471	11.93795026	1474	-259.5343473	11.80685229	897.4	-237.2534961	8.805490592	624.2	-263.4481771	8.727893739
100.575	10	5006	-276.869524	12.22637375	221.8	-279.4640147	14.23437727	665.4	-255.2080158	14.1020282	464.9	-232.923564	10.39689253	340.1	-259.1278942	10.32466904
99.234	10	4942	-275.2250259	14.08903725	274.7	-277.0832596	14.79497174	824	-252.8399186	14.66179751	609	-232.3879023	13.08831406	427.6	-258.5934262	13.0202141
97.893	10	3960	-279.6103541	14.23306197	289.2	-284.362876	14.79497174	867.7	-260.0808312	14.66179751	626.7	-239.2622275	13.71677115	450.9	-265.452432	13.64905942
96.552	10	2627	-279.1535491	13.23682341	192.1	-284.729146	13.92462684	576.3	-260.4451539	13.79265881	480.7	-239.9318046	12.70878321	352.2	-266.165056	12.64036273
95.211	10	1735	-275.7731919	11.32679687	101.3	-280.7001759	13.16305744	303.8	-256.4376047	13.03177123	246.7	-235.4679571	11.98987441	175.9	-261.6666171	11.92064335
93.87	10	1167	-276.5497605	13.41564905	73.53	-281.6616347	14.87073273	220.6	-257.3939517	14.73743445	192.5	-237.4766885	12.11146878	139.6	-263.6708721	12.04239505
92.529	10	740.9	-275.5447894	16.92129389	49.28	-279.1435284	19.14875023	147.8	-254.8892335	19.00485419	147.7	-232.6557332	15.80666592	95.32	-258.8606602	15.73921872
91.188	10	695.9	-275.0879844	20.48205518	43.67	-281.6158509	23.79202114	131	-257.3484114	23.63166512	147.4	-234.2180798	19.62400806	101.9	-260.4195252	19.55433123
89.847	10	726.2	-270.5656147	18.36937962	61.77	-272.1386145	17.62815308	185.3	-247.9215628	17.48870207	175	-226.8973699	16.3787205	124.9	-253.1596684	16.31112608
88.506	10	615.5	-271.4792247	13.05658664	47.05	-275.6639633	15.79296041	141.2	-251.4281683	15.65793658	152.5	-227.8347778	13.17500036	115	-254.0949874	13.10696414
87.165	10	554.1	-268.6013531	11.02775136	44.45	-272.9169383	14.41373584	133.3	-248.6957484	14.28114111	143.1	-227.0312853	8.066674771	93.74	-253.2487464	7.985374303
85.824	10	370.2	-269.6976851	11.55586248	30.95	-275.3434771	14.64297115	92.84	-251.109386	14.51003706	93.23	-228.3704395	11.05189414	62.73	-254.5849164	10.98113082
84.483	10	244.9	-271.2508222	15.96009224	20.04	-272.6880195	17.17581643	60.13	-248.4680468	17.03756285	61.68	-228.2811626	14.63116741	43.86	-254.4958384	14.56374505
83.142	10	157.4	-275.0423039	15.79720888	12.64	-280.7459597	18.26453573	37.92	-256.4831451	18.12329844	36.02	-227.2098392	16.17179714	30.06	-253.4269024	16.10426521
81.801	10	118.4	-284.9092924	26.42718686	12.22	-290.6810336	18.28796968	36.66	-266.3653969	18.14666449	38.88	-239.0390351	18.56022224	23.87	-265.274276	18.49142687
80.46	10	155.6	-274.3114159	21.56783069	11.45	-274.4278021	29.49333893	34.35	-250.1985794	29.3092229	26.04	-234.2627183	32.56013637	14.19	-260.4640642	32.47194591
76.437	10	2388	-273.2607643	10.20209428	179.9	-275.5266121	11.2578931	539.6	-251.2915473	11.12630006	502	-229.5756784	6.588816471	346	-255.7874693	6.496452001
75.096	10	694.4	-274.5854989	14.60389545	59.99	-280.0134197	14.97150466	180	-255.7544998	14.83803698	193.3	-234.4412722	10.46361943	134.1	-260.6867592	10.39156152
73.755	10	197.4	-273.8089303	17.44449847	21.24	-284.179741	12.62575515	63.72	-259.8986699	12.49470379	55.21	-236.0036188	12.35246382	47.28	-262.2010851	12.28367687
72.414	10	136.6	-275.7731919	13.41564905	15.35	-277.4953134	21.57990312	46.05	-253.2497816	21.42783158	56.18	-231.8968791	7.571794683	25.42	-258.1034973	7.487422159
71.073	10	121	-276.869524	12.41375355	14.29	-279.4640147	13.16305744	42.88	-255.2080158	13.03177123	48.72	-236.9410268	13.74495542	39.39	-263.1364041	13.67725725
69.732	10	69.12	-271.9360297	12.4448151	8.901	-281.9363372	9.540532575	26.7	-257.6671937	9.405049599	22.87	-236.0482573	4.358409361	15.36	-262.2456241	4.230345415
65.709	10	27.77	-268.5099921	3.598082541	7.288	-282.348391	14.69370977	21.86	-258.0770567	14.56069684	13.48	-233.1913949	16.35292133	1.154	-259.3951282	16.28533525
60.345	10	49.4	-267.870465	4.378705025	3.7	-237.342964	50.08736026	11.1	-213.3109111	49.80498441	29	-218.1035902	14.49459447	21.41	-244.3409467	14.42714761
59.004	10	69.83	-266.8198135	5.921960881	5.771	-273.5121271	31.13017086	17.31	-249.2877727	30.93878935	15.63	-212.7469732	14.30225712	16.59	-238.9962668	14.23476507
40.23	10	17.76	-282.8536698	8.708169184	6.446	-280.0592034	19.26418323	19.34	-255.8000401	19.1199262	1.184	-231.4951328	13.57536933	14.41	-257.7026463	13.50758475
142.146	8	79.35	-277.0979265	8.708169184	5.237	-260.1890556	88.84260989	15.71	-236.0355364	88.3611964	18.21	-236.6285575	27.05121187	13.36	-262.8246311	26.97211291
140.805	8	106.1	-277.2806485	8.588479886	13.83	-283.1267147	11.31539035	41.48	-258.8512423	11.18385848	24.02	-239.8425277	8.383806147	16.05	-266.031439	8.304212206
135.441	8	1112	-284.7265704	8.262839679	90.97	-288.2544948	7.185043039	272.9	-263.9517594	7.033907244	203	-242.5208362	4.148596027	138.4	-268.7037789	4.014833185
134.1	8	802.1	-286.7365125	12.72228818	59.02	-288.2544948	13.29576813	177.1	-263.9517594	13.16439105	161.8	-244.0385444	8.066674771	98.19	-270.2181049	7.985374303
132.759	8	1088	-293.5429073	17.47047365	76.73	-292.8328699	14.28572	230.2	-268.5057925	14.15330243	174.1	-247.9220917	12.5906737	132.6	-274.0929978	12.52213905
131.418	8	1850	-290.6650357	12.00549464	116.9	-291.6424924	9.540532575	350.6	-267.3217439	9.405049599	252.2	-246.6722144	9.357410392	168.2	-272.8459058	9.282023736
130.077	8	1515	-286.4167489	11.4253325	62.81	-305.5149688	35.75149404	188.4	-281.1204642	35.53888864	201.9	-241.7173437	8.186709402	137.8	-267.902077	8.106077101
128.736	8	732.2	-288.9291766	22.79976193	36.34	-290.5894661	24.4250233	109	-266.2743163	24.26218052	89.81	-245.4669756	24.47927341	58.91	-271.6433528	24.40392752
127.395	8	841.5	-296.5121399	24.17251066	54.85	-298.9221087	22.47068792	164.5	-274.5626565	22.31536287	131.2	-258.1443026	23.13194503	84.87	-284.2924285	23.05838938
126.054	8	1386	-291.0761602	16.68344369	87.34	-296.5413537	15.74365067	262	-272.1945593	15.60872857	193	-250.7343157	12.26242585	137.6	-276.8989547	12.19353556
124.713	8	1894	-286.2797074	14.57554979	98.91	-289.7653586	13.63801684	296.7	-265.4545903	13.50634982	202.1	-242.7440286	10.53006005	146.6	-268.9710129	10.45816304
123.372	8	3412	-281.1634912	11.91005236	181.5	-285.0038485	10.37471343	544.6	-260.7183959	10.2416645	394.7	-239.0390351	5.118590976	266.6	-265.229737	5.006794413
120.69	8	16000	-282.1684622	7.797944279	757.1	-284.546011	7.068754893	2271	-260.2629926	6.91634889	1336	-238.6819273	2.461068274	1011	-264.873425	2.239319405
115.326	8	1997	-267.3679795	15.60612729	108.3	-270.6277508	12.51697729	324.8	-246.4187319	12.38594586	201.9	-224.9779154	23.89810854	137	-251.1999525	23.82355165
113.985	8	1946	-261.5208752	21.68728682	110	-262.9818644	20.5894731	329.9	-238.8134966	20.44086799	301.6	-214.5325122	15.7541786	221.3	-240.7778268	15.68674079
112.644	8	2237	-275.4534284	37.855986	134.4	-256.9384093	12.35293293	403.3	-232.8021729	12.22191283	353.4	-210.2025801	8.767788707	259.5	-236.5020829	8.690024915
111.303	8	6338	-294.7762809	16.22978763	105.8	-269.849427	31.19288368	317.3	-245.6445463	31.0012208	260.7	-220.4694294	32.01590911	182.2	-246.7015136	31.92866564
109.962	8	7698	-296.6491814	13.68136255	140	-284.2255247	30.71164495	420.1	-259.9442102	30.52213577	303.7	-231.9415176	36.1644521	231.7	-258.1480363	36.06978788
108.621	8	3864	-286.782193	33.0455372	134.6	-274.6567208	33.7713039	403.9	-250.426281	33.56790498	313	-224.3529768	30.39389969	224.9	-250.5764065	30.30942207
107.28	8	6973	-262.2517633	16.47069214	289.3	-262.7529456	13.29576813	868	-238.5857949	13.16439105	615.7	-217.3447362	11.33844068	443.5	-243.5837837	11.26820942
105.939	8	13260	-268.2815896	8.787270593	678.8	-270.4446158	8.691677942	2036	-246.2365706	8.552344278	1232	-224.2636998	4.624461286	910.1	-250.5318675	4.502787183
104.598	8	9964	-272.9866813	12.47582949	415	-271.5434258	11.2578931	1245	-247.3295385	11.12630006	778	-224.3976152	8.72996518	567.4	-250.6209455	8.652031711
103.257	8	9788	-279.9301176	12.81397287	394.4	-282.0279047	14.74437639	1183	-257.7582743	14.6112834	798.9	-235.3340417	13.05934581	564.6	-261.5775391	12.99122378
101.916	8	8044	-280.8894082	11.16131237	426.1	-285.278551	11.05537542	1278	-260.9916379	10.92353627	857.9	-239.4854199	7.004627917	631.1	-265.675127	6.915998421
100.575	8	4116	-284.7722509	13.44532009	280.2	-289.9027098	12.94941006	840.6	-265.5912113	12.81824348	617	-243.9046289	9.571635766	466.9	-270.0844879	9.496999174
99.234	8	2424	-280.1128396	12.10046415	147.1	-284.6833622	11.91002467	441.3	-260.3996136	11.7789157	317.7	-239.8871662	8.344673067	239.3	-266.075978	8.264878578
97.893	8	2264	-275.0879844	10.68901408	150.5	-278.7772584	11.42991421	451.6	-254.5249108	11.29849305	328.6	-234.2180798	8.992228764	226.1	-260.4195252	8.915427433
96.552	8	2002	-275.6361504	10.7573349	144.6	-280.9748784	10.4948914	433.7	-256.7108467	10.36210211	336.6	-236.2268112	8.265981596	247.4	-262.4237801	8.18577549
95.211	8	1377	-274.4027769	11.29382728	87.45	-279.4182309	12.81503082	262.4	-255.1624755	12.68392199	210.1	-234.7537415	12.20217874	149.4	-260.9539932	12.13321679
93.87	8	1121	-273.9459718	13.14688504	64.98	-277.6784484	15.9159822	194.9	-253.4319429	15.78070021	170	-232.1200715	15.22454856	115.3	-258.3261922	15.15716391
92.529	8	905.2	-273.5348473	13.50455023	55.78	-275.8470984	15.54582076	167.3	-251.6103296	15.41129651	158	-230.6916403	14.43977788	96.9	-256.9454833	14.37231943
91.188	8	792.4	-274.5854989	16.60381127	45.27	-276.6712059	21.6470139	135.8	-252.4300556	21.49470151	135.5	-229.2185706	15.46397614	94.46	-255.4311573	15.39657705
89.847	8	763.2	-271.2965027	19.02534015	54.92	-274.1073158	20.72523864	164.8	-249.8797971	20.57616857	147.6	-230.6916403	19.81506163	103.7	-256.9454833	19.74520952
88.506	8	783.9	-267.7334235	15.93300158	64.11	-271.4060745	16.25858477	192.3	-247.1929175	16.12255212	194.7	-225.7367695	15.91139226	135.1	-251.9571154	15.84392419
87.165	8	507.3	-270.2001707	15.85159431	38.48	-271.1771558	20.15797214	115.4	-246.9652159	20.0108218	130.1	-226.4956236	12.79694495	93.39	-252.7142784	12.72860511
85.824	8	365.6	-275.4534284	16.31027675	25.42	-275.8013146	22.20434347	76.27	-251.5647893	22.05000372	86.68	-231.5844098	14.63116741	52.99	-257.8362633	14.56374505
84.483	8	467.6	-281.3462132	23.7330791	34.84	-285.3701185	23.1994722	104.5	-261.0827185	23.04140046	95.01	-235.9143419	21.4599751	72.9	-262.1120071	21.38842907
83.142	8	298.8	-271.7076272	20.33573752	18.16	-280.2423384	28.60648956	54.49	-255.9822014	28.42624125	67.4	-226.5849005	18.90119991	49.49	-252.8033564	18.8321403
81.801	8	205.6	-271.0224197	22.04433301	14.21	-278.4567721	25.78912537	42.63	-254.2061285	25.62077677	41.37	-229.8435092	25.80641631	27.64	-256.0992423	25.72918311
80.46	8	395.5	-274.1743744	14.8296242	14.72	-280.8833109	28.50063321	44.15	-256.6197661	28.32084303	48.07	-231.8076021	33.87233207	32.28	-258.0144193	33.78182318
79.119	8	1032	-272.2101128	9.988410768	75.06	-274.2446671	10.00915023	225.2	-250.016418	9.875177309	205.3	-227.2991161	4.624461286	136.8	-253.5159804	4.502787183
77.778	8	1533	-273.7632498	12.19497192	122.6	-274.1073158	9.947449196	367.7	-249.8797971	9.813299278	291.6	-229.0846552	6.959446953	225.8	-255.2975403	6.870439042
76.437	8	1218	-270.3828927	10.41269474	104.5	-274.1530996	11.0844307	313.5	-249.9253374	10.95262986	300.1	-227.5223085	7.049570314	218.9	-253.7386754	6.961311046
75.096	8	464.7	-270.9767392	11.71770318	42.36	-277.9073671	13.97645806	127.1	-253.6596445	13.84443019	132.7	-229.0846552	7.227042885	95.54	-255.2975403	7.140187576
73.755	8	139.7	-272.7125983	13.35619379	13.18	-276.1218009	15.89140643	39.53	-251.8835716	15.75617651	58.99	-234.1288029	3.533100047	34.06	-260.3304472	3.378147696
71.073	8	105.5	-276.9152045	14.8296242	11.27	-285.1869835	16.69526736	33.81	-260.9005572	16.5582139	39.41	-235.8697034	14.30225712	27.66	-262.0674681	14.23476507
69.732	8	82.38	-272.2557933	9.288970728	10.4	-281.8447697	5.141854205	31.2	-257.576113	4.955479423	30.35	-235.9143419	8.805490592	20.13	-262.1120071	8.727893739
67.05	8	52	-273.9002913	4.85558027	6.677	-277.0832596	14.46480796	20.03	-252.8399186	14.33214005	5.185	-162.0823038	92.22709244	6.429	-188.4445033	92.0160478
65.709	8	37.38	-266.317328	11.12802166	5.995	-271.5434258	29.45119994	17.98	-247.3295385	29.26726885	12.97	-230.0667016	20.02919161	6.014	-256.2773983	19.95913737
63.027	8	49.17	-266.7284525	9.021415462	4.135	-234.8706414	32.48530081	12.41	-210.8517333	32.28779451	20.23	-209.2651721	26.94258589	12.3	-235.5222249	26.86365308
57.663	8	78.22	-264.4444274	5.470970684	8.352	-279.6929334	15.9650913	25.06	-255.4357175	15.82970454	17.88	-227.0759238	11.95935779	13.03	-253.3378244	11.89008588
52.299	8	53.68	-269.2865606	4.984135661	6.671	-281.8447697	6.911426845	20.01	-257.576113	6.757198613	12.05	-230.9594711	14.98323856	17.54	-257.1681783	14.91585161
6.705	8	62.5	-276.8238435	6.293249416	2.515	-318.6549053	63.3235494	7.546	-294.1905393	62.97416125	18.26	-225.1564693	15.70160741	3.241	-251.3781085	15.63417829
146.169	6	47.95	-279.3819516	4.378705025	4.168	-277.4037459	16.25858477	12.5	-253.1587009	16.12255212	5.381	-251.8502775	43.7288849	6.407	-278.0124297	43.61979833
143.487	6	95.92	-277.4633705	6.446705464	12.19	-279.0061772	8.624148863	36.58	-254.7526125	8.484437028	24.18	-234.79838	5.681777589	18.64	-260.9985322	5.578846951
138.123	6	748.5	-285.9142634	10.55147352	45.57	-290.1774123	13.71644628	136.7	-265.8644533	13.58470201	108.2	-242.9225825	9.029232405	73.34	-269.1046299	8.952582707
136.782	6	640.2	-287.2846785	14.23306197	44.67	-289.8111423	10.73290193	134	-265.5001306	10.6005668	112.4	-240.6906587	11.52691807	81.61	-266.87768	11.45700485
135.441	6	349.6	-287.513081	18.1145033	23.09	-291.7798436	13.95055297	69.28	-267.4583649	13.81855521	46.45	-237.2534961	14.79419263	37.51	-263.4481771	14.72679153
134.1	6	217.9	-292.8576998	26.22441256	15.49	-292.7413024	16.64694928	46.47	-268.4147118	16.51001214	40.5	-233.6377796	8.880535628	24	-259.8405182	8.803264658
132.759	6	537.3	-286.599471	15.96009224	34.41	-287.2014685	7.488541267	103.2	-262.9043318	7.340437913	70.14	-239.4407814	9.139580447	42.61	-265.630588	9.06337157
131.418	6	854.1	-285.1833754	13.29658593	58	-285.1869835	6.07881339	174	-260.9005572	5.912578824	124.4	-238.6372889	3.928414019	85.03	-264.828886	3.787926972
130.077	6	977.8	-285.9142634	13.74001357	50.44	-286.5147123	14.0282056	151.3	-262.2212268	13.8961164	113.4	-238.0569887	11.62042805	77.64	-264.2498791	11.55066368
128.736	6	833.9	-285.4117779	15.96009224	38.92	-288.9870348	19.63224404	116.8	-264.6804047	19.48681611	104.3	-241.6727052	15.4904668	69.61	-267.857538	15.42306513
127.395	6	1187	-287.42172	16.22978763	75.56	-291.1388711	16.83992876	226.7	-266.8208002	16.7025222	179.2	-247.5203454	15.98972295	132.1	-273.7366858	15.92223744
126.054	6	1487	-292.8120193	18.97521055	89.58	-297.96065	16.86399684	268.7	-273.6063096	16.72653083	229.5	-251.5824467	12.35246382	168.7	-277.7451957	12.28367687
124.713	6	1704	-288.7464546	19.72179344	107.5	-291.9171949	14.54127486	322.5	-267.5949859	14.40849477	262.6	-244.75276	10.59621979	190.7	-270.9307289	10.52447912
123.372	6	2559	-285.7772219	14.63221193	155.7	-290.6810336	13.18964906	467.2	-266.3653969	13.05834563	346.2	-245.1991447	7.86346022	250.9	-271.3761189	7.780962651
122.031	6	4621	-285.0920144	13.02640588	251.9	-287.7508735	10.31431934	755.6	-263.4508157	10.18113194	484.9	-242.2976438	7.004627917	359.4	-268.4810839	6.915998421
120.69	6	8053	-280.3412422	9.098455803	373.8	-283.447201	9.445100214	1121	-259.1700246	9.309260396	631.8	-237.7445194	4.624461286	471.9	-263.9381061	4.502787183
116.667	6	23730	-276.4583995	11.22769827	846.4	-281.7989859	8.105705698	2539	-257.5305727	7.96267397	1006	-231.4058559	7.571794683	737	-257.6135683	7.487422159
115.326	6	7503	-273.0780423	17.18379206	298.3	-273.9241808	10.73290193	895	-249.6976357	10.6005668	552.7	-227.3883931	6.868350466	388	-253.6050584	6.778560091
113.985	6	7092	-272.4385153	9.988410768	313	-273.6036946	8.958393098	939	-249.3788534	8.82044272	504.5	-226.5402621	3.852411009	388.3	-252.7588174	3.709401218
112.644	6	6187	-266.225967	12.90526874	303.6	-268.4301307	11.8260441	910.8	-244.232796	11.69489746	536.7	-221.0943681	8.066674771	399.6	-247.3250596	7.985374303
111.303	6	4435	-261.4751947	17.49643179	278.1	-261.4710006	11.17134624	834.2	-237.3106657	11.03965396	566.8	-215.3806432	9.28521336	388.1	-241.6240677	9.209561047
109.962	6	4585	-253.5267873	17.47047365	245.6	-253.5961955	10.58450458	736.7	-229.4777287	10.45189546	524.6	-208.9527028	10.53006005	388.7	-235.2104519	10.45816304
108.621	6	4307	-257.7750741	20.14004055	177.5	-258.2203543	16.25858477	532.5	-234.0773021	16.12255212	363	-216.5412436	19.11913476	255.7	-242.7820817	19.04989698
107.28	6	5790	-265.951884	20.6765544	174.3	-270.4446158	18.42837859	523	-246.2365706	18.28666349	363.9	-225.2011078	17.44644945	272.2	-251.4671865	17.3783819
105.939	6	8038	-275.1336649	20.65227837	286.2	-277.4495296	20.40808514	858.6	-253.2042412	20.2600959	530.8	-232.7450101	20.54919275	389.7	-258.9497382	20.47862372
104.598	6	9150	-275.4534284	14.17554801	324.1	-277.6326646	15.6942824	972.4	-253.3864026	15.55946113	623.6	-233.2360334	14.24705377	470.6	-259.4396672	14.17954638
103.257	6	10350	-276.229997	9.021415462	389.8	-279.9676359	11.02627787	1169	-255.7089594	10.89439933	693.3	-234.5305491	7.571794683	518.4	-260.7312982	7.487422159
101.916	6	5709	-282.8993503	13.11682594	269.7	-286.6062798	13.08313173	809.1	-262.3123075	12.95189419	582.8	-240.9138511	10.19493787	445.1	-267.100375	10.12218795
100.575	6	3897	-283.6759188	12.2890286	263.4	-288.4834136	11.65714389	790.3	-264.179461	11.52590016	615.7	-242.2083669	6.729794563	438.4	-268.3920059	6.638762063
99.234	6	2647	-278.6967441	11.45805511	169.3	-283.7676872	10.93872827	508	-259.4888069	10.80672491	425.2	-238.5480119	5.627708134	298.9	-264.7398081	5.524016471
96.552	6	989.1	-274.9052624	12.22637375	58.11	-280.1965547	10.79193481	174.3	-255.9366611	10.65970046	142.3	-235.4679571	5.788587825	98.83	-261.6666171	5.687110983
95.211	6	815.7	-272.8496398	17.18379206	46.66	-278.6856909	16.23420152	140	-254.4338302	16.09822379	110.8	-232.2093484	15.91139226	78.44	-258.4152702	15.84392419
93.87	6	736.8	-269.5149631	16.65691925	44.77	-275.6639633	21.89265679	134.3	-251.4281683	21.73945673	107	-228.7275473	18.58465953	79.11	-254.9412283	18.51584583
92.529	6	1216	-259.2825306	14.26177158	74.79	-263.4854856	17.60444231	224.4	-239.3144402	17.46505562	116.8	-193.7309827	31.93203407	203.6	-220.0226534	31.84493573
91.188	6	2250	-262.5715268	8.787270593	133.5	-264.0806744	13.13644078	400.4	-239.9064645	13.00517129	340.5	-217.7911209	10.05876371	232.8	-244.0291737	9.985636525
89.847	6	2174	-270.7026562	10.7573349	147.6	-274.5651533	12.02152658	442.7	-250.3352004	11.89045708	330	-228.3704395	10.4302921	228.4	-254.5849164	10.358152
88.506	6	1675	-276.1386359	11.78204068	105.6	-279.9676359	13.3486813	316.8	-255.7089594	13.21726455	278.8	-233.4145873	11.46431114	187.2	-259.6623622	11.39429498
87.165	6	1650	-275.1793454	11.09466498	110.4	-279.4182309	11.4869455	331.2	-255.1624755	11.35557407	285.7	-231.9415176	11.55814102	186.3	-258.1480363	11.48827815
85.824	6	1264	-276.229997	9.952483206	88.29	-279.2350959	11.37272993	264.9	-254.9803141	11.24125532	254.2	-235.5125956	8.538966155	169	-261.7111561	8.460141134
84.483	6	1223	-274.3114159	10.7573349	84.27	-276.2133684	12.38034824	252.8	-251.9746523	12.24932784	228.1	-232.7003716	10.36342	173.3	-258.9051992	10.29111191
83.142	6	867.2	-272.7125983	12.50679707	63.27	-276.1675846	13.76862172	189.8	-251.929112	13.63682389	195.8	-230.6023633	9.357410392	131.3	-256.8118663	9.282023736
81.801	6	705.6	-275.3620674	13.56363274	49.76	-281.4784997	16.67111448	149.3	-257.2117904	16.53411927	149.5	-233.1467564	11.77523846	111.8	-259.3505892	11.70570799
80.46	6	684.7	-272.5755568	13.47495373	53.85	-276.5796384	15.34701783	161.6	-252.3389749	15.21287632	163.1	-230.200617	12.35246382	110.2	-256.4110153	12.28367687
79.119	6	477.3	-272.4841958	15.87875273	37.43	-275.9844496	17.17581643	112.3	-251.7469506	17.03756285	120.3	-230.3345325	11.58931087	74.48	-256.5446323	11.51949761
77.778	6	537.9	-271.0681002	15.87875273	52.38	-276.4880709	15.76831282	157.1	-252.2478943	15.63333997	141.1	-230.200617	13.71677115	98.35	-256.4110153	13.64905942
76.437	6	343.6	-271.6619467	17.98649567	22.44	-276.8543409	22.31541008	67.33	-252.6122169	22.16066072	92.77	-231.138025	19.8388955	71.65	-257.3463343	19.76902119
75.096	6	261.5	-270.7026562	16.33706442	23.36	-277.4953134	16.64694928	70.08	-253.2497816	16.51001214	81.79	-229.5756784	16.45600641	54.63	-255.7874693	16.38838607
73.755	6	266.2	-271.6619467	9.476649197	25.12	-277.9073671	12.70703995	75.35	-253.6596445	12.5759674	84.57	-230.5577248	4.358409361	70.97	-256.7673273	4.230345415
72.414	6	247.3	-269.6063241	11.02775136	25.02	-276.9459084	12.0493193	75.06	-252.7032976	11.9182578	90.17	-228.0133317	7.781011852	54.5	-254.2286044	7.698003707
71.073	6	182.9	-267.5507015	8.179864437	19	-274.3820183	14.33698437	56.99	-250.153039	14.20449694	68.81	-228.7275473	6.636087775	35.37	-254.9412283	6.54417786
69.732	6	110	-264.4444274	10.23740328	11.86	-271.314507	12.0493193	35.58	-247.1018369	11.9182578	41.03	-226.8527314	6.298940414	22.51	-253.0705904	6.203601258
65.709	6	57.64	-264.9925934	3.330588911	6.465	-286.4689285	10.79193481	19.39	-262.1756865	10.65970046	30.91	-223.1477379	6.729794563	11.55	-249.3738535	6.638762063
63.027	6	67.42	-262.1147218	6.189135981	3.672	-255.4733293	21.26603539	11.02	-231.3448823	21.11508055	24.18	-219.2641906	17.72137594	9.65	-245.4989606	17.65314927
61.686	6	73.07	-260.4245432	10.72321135	8.616	-266.3240782	14.28572	25.85	-242.1379408	14.15330243	19.97	-211.8988422	22.72327497	8.602	-238.1500259	22.65023388
50.958	6	67.07	-260.3331822	5.529118146	7.41	-290.8641686	6.791624011	22.23	-266.5475583	6.635923366	18.8	-207.9260179	14.41232882	13.14	-234.186055	14.34486418
38.889	6	21.55	-264.9469129	8.747787779	2.442	-234.0007502	49.70683113	7.326	-209.986467	49.42635535	12.38	-238.5926504	7.529396891	-1.287	-264.7843471	7.44473531
34.866	6	120.3	-276.960885	2.938059977	3.824	-317.235609	82.24132198	11.47	-292.778789	81.79427827	27.15	-236.9856653	11.83680831	12.58	-263.1809431	11.76736663
162.261	4	7.637	-394.5424977	69.13484027	5.627	-274.1530996	18.91727048	16.88	-249.9253374	18.77408899	-3.356	-277.9191471	32.51833078	2.325	-304.0232049	32.43021338
142.146	4	188.1	-283.9956823	12.03720312	16.7	-285.278551	3.352009561	50.11	-260.9916379	3.084689145	23.78	-244.75276	4.076435442	31.44	-270.9307289	3.940558945
140.805	4	301.7	-281.2548522	9.288970728	24.99	-285.0496323	7.488541267	74.97	-260.7639362	7.340437913	54.73	-239.8425277	2.078323115	32.05	-266.031439	1.812417281
139.464	4	329.9	-279.8387566	11.22769827	25.22	-281.6158509	7.927743874	75.65	-257.3484114	7.783385834	42.62	-233.0574795	11.52691807	39.77	-259.2615112	11.45700485
138.123	4	276.5	-280.2042006	16.09521245	24.07	-280.2881222	14.00234223	72.21	-256.0277418	13.87028389	36.18	-230.4238094	14.02509286	31.85	-256.6337103	13.95751274
136.782	4	363	-288.426691	16.09521245	23.9	-294.5268687	13.08313173	71.71	-270.1907847	12.95189419	55.92	-239.7532507	14.5219623	35.97	-265.942361	14.45452085
135.441	4	317.1	-292.2638532	21.80652017	19.5	-291.4593574	23.96698685	58.5	-267.1395826	23.80594812	47.23	-243.4582442	18.92546284	28.08	-269.6390979	18.85638375
134.1	4	167.5	-295.6898909	31.12671996	11.13	-292.1003299	26.90497862	33.4	-267.7771472	26.73199425	20.71	-243.3243288	23.83079524	16.78	-269.5054809	23.75632814
132.759	4	184.8	-291.6700067	34.37021078	13.11	-285.9653073	21.33338901	39.32	-261.6747428	21.18219591	23.4	-249.4844384	38.27210906	16.92	-275.6518627	38.17352316
131.418	4	475.6	-287.8328445	23.15111615	27.99	-283.0351472	13.58561818	83.98	-258.7601616	13.45400058	74.55	-236.4500036	11.68250608	48.83	-262.6464751	11.61283735
130.077	4	625.9	-290.9847992	21.97307951	45.18	-288.3918461	11.74175276	135.5	-264.0883804	11.61056127	83.88	-240.0210816	19.93412636	67.7	-266.209595	19.86416259
128.736	4	1400	-294.4565173	15.90588845	69.13	-294.7557874	14.82024292	207.4	-270.4184864	14.68702763	158.1	-246.0026373	13.34741123	102.8	-272.1778208	13.27949182
127.395	4	1489	-293.5429073	17.10523449	79.92	-290.6352498	15.22225495	239.8	-266.3198566	15.0883446	172.2	-244.7081215	12.67931645	135.2	-270.8861899	12.61086814
126.054	4	1041	-290.2995916	21.56783069	72.35	-285.9653073	12.81503082	217	-261.6747428	12.68392199	195.1	-239.5300584	4.426299943	131.2	-265.719666	4.299949555
124.713	4	1238	-289.8427866	25.52278204	91.49	-284.8207135	13.02972068	274.5	-260.5362345	12.89851306	240.2	-236.7178344	4.877197555	165.4	-262.9137091	4.76086285
123.372	4	1725	-289.3403011	21.5439124	111.5	-285.827956	13.63801684	334.5	-261.5381218	13.50634982	261.2	-238.1016272	6.683078513	165.3	-264.2944181	6.591612466
122.031	4	2537	-288.9291766	19.82050469	147.2	-286.5147123	13.95055297	441.6	-262.2212268	13.81855521	300.6	-240.244274	9.955789946	208.1	-266.43229	9.882365024
120.69	4	4128	-282.1227817	10.34282547	252.8	-283.813471	7.337949037	758.5	-259.5343473	7.188390173	459.6	-236.9856653	5.46268428	339.8	-263.1809431	5.35655922
116.667	4	9069	-276.0015944	10.68901408	411.4	-279.3266634	9.540532575	1234	-255.0713948	9.405049599	812	-233.1021179	4.003064053	586.5	-259.3060502	3.864950178
115.326	4	12220	-279.7017151	8.628517161	378	-281.9363372	8.6579574	1134	-257.6671937	8.518436359	695	-236.2268112	2.340297995	523.4	-262.4683191	2.106482996
113.985	4	27630	-281.0264497	6.446705464	548.3	-281.3411484	9.445100214	1645	-257.0751694	9.309260396	926.7	-235.0215724	5.627708134	699	-261.2212272	5.524016471
112.644	4	25160	-272.7582788	12.41375355	569	-276.2591521	11.45844883	1707	-252.0201926	11.327053	958.4	-228.9953782	9.176146597	718.9	-255.2084623	9.100080118
111.303	4	19710	-269.3779216	11.74989994	483.5	-270.4903995	11.37272993	1450	-246.2821109	11.24125532	876	-224.7100846	7.314459407	639.1	-250.9327185	7.228263062
109.962	4	10520	-272.4841958	16.73643395	243.7	-269.116887	18.70821821	731.2	-244.915901	18.56567103	439.9	-222.969184	21.08794281	331.2	-249.1956975	21.01680686
108.621	4	6245	-278.6967441	19.59813742	129.8	-281.1580134	26.21930417	389.3	-256.8930081	26.0491815	259.7	-237.3427731	28.81875803	189.8	-263.5372551	28.73687484
107.28	4	5152	-278.2399391	27.47983935	127.8	-286.194226	32.85928387	383.3	-261.9024445	32.66007156	276.4	-241.1370435	31.65916025	194.7	-267.32307	31.57253257
105.939	4	5238	-273.7632498	23.03418497	155.7	-280.1965547	28.54298311	467	-255.9366611	28.36300974	316	-236.0482573	26.68145347	230.2	-262.2456241	26.60291758
104.598	4	6256	-273.9459718	18.72375579	209.2	-278.1820696	23.37537864	627.6	-253.9328865	23.21663337	391.5	-235.7804264	21.20443785	301.5	-261.9783901	21.13317508
103.257	4	5521	-277.41769	20.33573752	210.3	-290.1774123	21.93724772	630.8	-265.8644533	21.78388551	422.4	-244.9759524	20.64323667	291.8	-271.1534239	20.57257106
101.916	4	5212	-281.2548522	14.20432085	271	-286.7894148	14.84549655	813.1	-262.4944688	14.71223991	566.7	-242.1637284	12.05076529	395.9	-268.3474669	11.98161411
100.575	4	16870	-280.6610057	12.78345492	440.5	-285.5990373	13.82070964	1322	-261.3104202	13.68885664	708.6	-239.4854199	9.712568093	602	-265.675127	9.63839517
99.234	4	9889	-277.5547315	14.85771318	288.2	-282.8062285	14.41373584	864.6	-258.53246	14.28114111	555.1	-237.3874116	11.17983333	404.6	-263.5817941	11.10931503
97.893	4	2714	-274.8595819	13.59311924	171.4	-280.9290947	12.84196026	514.1	-256.6653064	12.71084097	394.8	-234.9322954	8.265981596	274.2	-261.1321492	8.18577549
96.552	4	2117	-275.1793454	12.69163875	127.4	-280.5628247	12.16016596	382.2	-256.3009837	12.02912924	321.4	-234.5305491	6.298940414	246.5	-260.7312982	6.203601258
95.211	4	1486	-276.778163	14.14674326	86.6	-282.2568235	12.43508876	259.8	-257.985976	12.30406585	193.3	-237.2981346	10.19493787	147.4	-263.4927161	10.12218795
93.87	4	1234	-278.7881051	14.26177158	146.8	-294.9389224	10.85078594	440.4	-270.6006477	10.71864752	213.8	-236.9856653	10.32987381	149.8	-263.1809431	10.25747989
92.529	4	936.4	-275.8645529	17.07901242	69.66	-279.9218522	15.74365067	209	-255.6634191	15.60872857	201.3	-233.5038642	10.98756221	144.2	-259.7069012	10.91667099
91.188	4	1043	-266.317328	17.83237028	70.91	-270.765102	21.15366034	212.7	-246.5553529	21.00310133	209.5	-225.4243002	15.41092819	128.4	-251.6453424	15.34353369
89.847	4	1500	-265.6321204	14.57554979	93.44	-271.4060745	14.94633742	280.3	-247.1929175	14.81291252	222.3	-226.5849005	14.5219623	153.4	-252.8033564	14.45452085
88.506	4	3088	-272.2557933	6.88953843	166.4	-276.1218009	10.40483353	499.3	-251.8835716	10.27185165	411.1	-230.3345325	7.2708578	270.3	-256.5446323	7.184335381
85.824	4	1815	-268.4643116	7.92686829	128	-271.5434258	10.00915023	384.1	-247.3295385	9.875177309	366	-226.8973699	4.426299943	237.4	-253.1151294	4.299949555
84.483	4	696.6	-270.1544902	11.68544992	60.62	-274.5193696	11.74175276	181.9	-250.28966	11.61056127	180.7	-229.3971245	9.464958257	128.5	-255.6093133	9.389955161
83.142	4	509.4	-271.5249052	13.08672657	37.65	-278.5025559	16.16097143	113	-254.2516688	16.0251573	136.4	-229.1739321	11.24344884	93.47	-255.3866183	11.17304785
81.801	4	562.8	-271.3878637	13.29658593	46.33	-277.9989346	11.20023574	139	-253.7507252	11.06857755	136.3	-229.1292936	10.53006005	103.8	-255.3420793	10.45816304
80.46	4	444.3	-271.2508222	13.26672413	39.59	-275.5266121	14.00234223	118.8	-251.2915473	13.87028389	116.8	-229.3078475	8.805490592	87.46	-255.5202353	8.727893739
79.119	4	530.6	-270.7483367	12.22637375	47.36	-275.6639633	12.32548732	142.1	-251.4281683	12.19446686	128.5	-227.9240548	8.066674771	82.54	-254.1840654	7.985374303
77.778	4	548.9	-264.4444274	9.175013397	47.49	-270.6735345	10.67368428	142.5	-246.4642722	10.5412434	144.9	-223.3262918	4.999207619	106.8	-249.5520095	4.885229894
76.437	4	384.2	-265.4037179	12.2890286	32.09	-268.9795357	15.76831282	96.27	-244.77928	15.63333997	102.4	-224.2636998	10.79306522	73.66	-250.5318675	10.72176753
75.096	4	330.8	-264.3073859	10.55147352	25.37	-270.5361833	17.39056921	76.11	-246.3276512	17.25175499	70.55	-224.754723	15.67529009	44.05	-250.9772575	15.60786505
73.755	4	364.2	-263.1196928	10.13121858	31.9	-265.4999707	11.71358542	95.71	-241.3182148	11.58237736	89.37	-223.058461	10.9553038	62.39	-249.2847755	10.88434725
72.414	4	614.7	-261.7492777	6.395903691	54.73	-264.6758632	9.25238629	164.2	-240.4984888	9.115770753	142.3	-217.9696748	2.576322647	93.87	-244.2073297	2.36485686
68.391	4	115.5	-260.9270287	10.62039556	9.838	-276.7169896	17.62815308	29.51	-252.4755959	17.48870207	18.82	-213.7290197	5.059215918	10.75	-239.9761248	4.946349443
67.05	4	93.84	-263.1653733	7.969473973	11.66	-278.6856909	15.84221215	34.97	-254.4338302	15.7070857	9.315	-187.1691269	80.09914608	8.944	-213.4754206	79.9142931
65.709	4	79.5	-262.2517633	8.787270593	7.701	-268.567482	24.62078974	23.1	-244.369417	24.45716872	-5.786	-337.2883192	44.49043583	-6.551	-363.2600731	44.37985139
64.368	4	73.05	-259.0084476	10.65474239	8.278	-261.3336494	30.6068915	24.84	-237.1740447	30.41784943	19.72	-228.0133317	14.5766178	8.274	-254.2286044	14.50918639
60.345	4	80.26	-258.2318791	3.51107579	7.534	-268.6590495	31.04652725	22.6	-244.4604976	30.85552069	24.31	-209.8454723	16.17179714	18.67	-236.1012319	16.10426521
59.004	4	83.42	-259.3282111	8.588479886	7.546	-266.0035919	23.72633935	22.64	-241.8191584	23.56623867	17.59	-211.9881191	9.852068334	15.81	-238.2391038	9.77833228
53.64	4	96.47	-256.2676175	2.086885051	7.397	-286.6062798	4.936831787	22.19	-262.3123075	4.744716413	12.72	-213.952212	15.78043269	11.29	-240.1988198	15.71299028
49.617	4	100.7	-258.7343646	5.412268094	9.91	-269.6205082	8.892209142	29.73	-245.4168446	8.753931431	16.16	-219.5320214	18.73101675	18.63	-245.8107336	18.66209129
140.805	2	121.1	-275.5904699	14.14674326	15.32	-280.9748784	7.999261881	45.95	-256.7108467	7.855449238	25.58	-228.1026087	3.696010726	17.2	-254.3176824	3.547441058
138.123	2	134.5	-267.779104	10.72321135	11.45	-269.5289407	18.684947	34.36	-245.3257639	18.54246976	19.19	-222.4781608	20.40784276	16.79	-248.7057685	20.33741691
135.441	2	124.6	-282.0771012	22.49386175	9.283	-281.3869322	13.05643903	27.85	-257.1207097	12.92521671	20.77	-226.5849005	24.56834115	19.85	-252.8033564	24.49287222
134.1	2	104.3	-283.5845578	27.72476493	6.551	-309.0861014	44.21855709	19.65	-284.6726101	43.96524969	19.46	-230.5577248	22.81428196	8.663	-256.7673273	22.74112752
132.759	2	136.8	-294.7306004	33.19556116	11.1	-285.7821723	18.52180156	33.3	-261.4925815	18.37981088	23.65	-232.6110947	22.06004413	17.41	-258.8161212	21.98780683
131.418	2	172.3	-283.6302383	31.53821805	12.16	-285.5990373	26.99047198	36.48	-261.3104202	26.81712799	35.57	-227.8347778	15.64895149	23.76	-254.0504484	15.58153034
130.077	2	304	-289.0662181	32.18583763	22.03	-285.5074698	26.09038649	66.1	-261.2193395	25.92079726	53.31	-230.6470018	21.04128379	34.82	-256.8564053	20.97019823
128.736	2	615.4	-280.2498811	17.98649567	43.11	-278.6399071	12.97620635	129.3	-254.3882898	12.84502661	114.4	-232.2986254	7.138757403	72.66	-258.5043482	7.051215036
127.395	2	1314	-280.0214786	13.02640588	85.77	-278.6856909	6.95101109	257.3	-254.4338302	6.797252961	146	-233.9948874	6.493407618	99.82	-260.1968302	6.400100425
126.054	2	1575	-282.9450308	15.46892545	81.86	-282.165256	7.41352551	245.6	-257.8948953	7.264708828	166.1	-235.7804264	2.576322647	109.3	-261.9783901	2.36485686
124.713	2	1297	-280.6153252	16.86857189	72.16	-281.7532022	13.76862172	216.5	-257.4850324	13.63682389	168	-234.4412722	7.2708578	117.2	-260.6867592	7.184335381
123.372	2	1320	-283.6759188	17.65182689	84.25	-284.0423897	13.13644078	252.7	-259.7620489	13.00517129	203.5	-236.494642	8.653946815	149	-262.6910141	8.575665542
122.031	2	1545	-286.964915	16.97394085	103	-286.1026585	10.55468223	309	-261.8113638	10.4220144	235.8	-238.1462656	6.396800641	175.3	-264.3389571	6.302503109
120.69	2	1744	-283.7672798	17.90950418	116.3	-284.729146	12.57142371	348.9	-260.4451539	12.44038352	245	-236.5392805	7.357851498	172.4	-262.7355531	7.271974609
119.349	2	4078	-284.0413628	19.20038068	238.3	-283.080931	14.00234223	715	-258.805702	13.87028389	463	-235.5572341	9.24896181	328.4	-261.7556951	9.173173572
118.008	2	5128	-277.0979265	15.05356881	390.7	-277.6326646	8.1409706	1172	-253.3864026	7.998189676	688.3	-231.8076021	4.81514528	523.7	-258.0144193	4.697559018
116.667	2	3590	-276.960885	15.05356881	247.4	-278.0905021	11.96584229	742.1	-253.8418059	11.83475456	575.3	-232.7896486	7.529396891	412.7	-258.9942772	7.44473531
113.985	2	7647	-281.2548522	8.904922372	376.8	-283.4014172	9.122477832	1131	-259.1244843	8.985295836	709.2	-236.5392805	2.89542679	505	-262.7355531	2.707550995
112.644	2	13460	-276.2756775	9.513859333	468.6	-276.7169896	11.17134624	1406	-252.4755959	11.03965396	926.1	-230.3345325	7.86346022	672.8	-256.5446323	7.780962651
111.303	2	11830	-275.0879844	13.17690413	364.6	-270.2614808	13.53312842	1094	-246.0544092	13.40155854	736.8	-224.1297844	10.02452079	521.4	-250.3537115	9.951295807
109.962	2	7506	-272.5755568	16.97394085	249.5	-269.6205082	16.86399684	748.5	-245.4168446	16.72653083	468	-223.7280381	17.22012375	375.5	-249.9528605	17.15217628
108.621	2	4273	-273.6262083	22.82323836	137.1	-268.4301307	21.37826198	411.3	-244.232796	21.22690972	286.2	-225.2457463	22.63215616	209.4	-251.4671865	22.55922785
107.28	2	2147	-278.5140221	34.58303482	84.63	-275.8928821	29.64075553	253.9	-251.65587	29.45599167	191.9	-231.0933865	28.98989589	142	-257.3017953	28.90773564
105.939	2	1205	-285.9599439	41.79292416	57.08	-292.2376811	31.63140487	171.2	-267.9137682	31.43776873	138.4	-247.7435378	28.34698649	102.2	-273.9148418	28.26586053
104.598	2	1380	-273.0780423	34.83813395	56.33	-284.912281	33.60570259	169	-260.6273152	33.40306654	150.4	-242.4761977	30.71115111	102.7	-268.6592399	30.62613958
103.257	2	2298	-286.0056244	29.40356752	87.08	-294.8931387	28.90256503	261.2	-270.5551074	28.72103127	164.8	-246.9846837	31.74316741	121.1	-273.1576788	31.65639509
101.916	2	5049	-284.8636119	19.10043568	189.1	-293.1075724	22.15988042	567.3	-268.7790345	22.00570414	375.8	-248.6809458	20.28978613	273	-274.8501607	20.21947803
100.575	2	13940	-277.2806485	11.39254893	503.1	-280.7001759	14.31136192	1509	-256.4376047	14.1789096	874.9	-235.3340417	11.74437841	692.6	-261.5330001	11.67480254
99.234	2	14850	-271.6619467	12.10046415	577.4	-278.0905021	12.0493193	1732	-253.8418059	11.9182578	900.8	-233.1467564	11.11598312	687.5	-259.3505892	11.04534407
97.893	2	4919	-271.7533077	12.38264449	260.3	-277.8615834	13.82070964	781	-253.6141042	13.68885664	509.7	-233.2360334	10.85815222	387.6	-259.4396672	10.78699393
96.552	2	2586	-275.0423039	13.08672657	178.9	-281.2953647	12.59860371	536.8	-257.029629	12.46755823	393.2	-234.79838	9.066124667	291.5	-260.9985322	8.989624225
95.211	2	2949	-273.5805278	13.56363274	169	-279.1435284	13.02972068	506.9	-254.8892335	12.89851306	366.3	-235.2894032	9.64228485	288.1	-261.4884611	9.56788356
93.87	2	1919	-272.8496398	14.1179064	118.2	-279.2350959	14.10567204	354.7	-254.9803141	13.97348808	272.8	-233.8163335	11.24344884	204.5	-260.0186742	11.17304785
92.529	2	1817	-273.7632498	13.94419993	116.2	-277.9531509	12.86886274	348.5	-253.7051849	12.73773244	323.8	-231.138025	9.886726749	230.6	-257.3463343	9.813095934
91.188	2	2632	-271.6619467	9.175013397	141.2	-274.7940721	13.02972068	423.5	-250.562902	12.89851306	376.3	-228.2365241	7.18301076	264	-254.4512994	7.095815538
89.847	2	2091	-268.4186311	8.426875434	133.6	-274.0615321	10.00915023	400.8	-249.8342567	9.875177309	315	-227.9240548	3.774973303	215.9	-254.1840654	3.629275387
88.506	2	1501	-265.4037179	8.628517161	97.29	-270.3072645	10.28404445	291.9	-246.0999496	10.15078559	241.3	-223.995869	4.938542995	184.2	-250.2200945	4.823410122
87.165	2	1741	-262.7542488	8.09622484	101.3	-266.5529969	11.68538255	303.8	-242.3656424	11.55415707	260.9	-221.5853913	6.249521964	194.6	-247.8149886	6.153641508
85.824	2	1302	-262.5715268	8.9438799	92.66	-265.3626194	11.2578931	278	-241.1815938	11.12630006	226.9	-220.335514	10.32987381	162.8	-246.5678966	10.25747989
84.483	2	564.5	-265.4950789	12.22637375	39.01	-269.9867783	13.95055297	117	-245.7811672	13.81855521	120.1	-225.1564693	8.344673067	71.67	-251.4226475	8.264878578
80.46	2	714.2	-263.1653733	8.09622484	52.5	-266.7819157	11.99370098	157.5	-242.5933441	11.86262275	141.4	-220.2015986	5.627708134	107.9	-246.4342796	5.524016471
79.119	2	777.6	-262.5715268	7.711041592	55.18	-267.102402	10.79193481	165.5	-242.9121264	10.65970046	137.9	-220.6926218	3.362732898	98.39	-246.9242086	3.200357605
77.778	2	908.1	-258.0034766	5.700398836	54.06	-263.3023506	12.59860371	162.2	-239.1322789	12.46755823	116.9	-216.2734127	9.102906905	91.45	-242.5148477	9.026553388
76.437	2	613.9	-257.2725885	8.982710383	41.81	-260.6468931	11.91002467	125.4	-236.4909397	11.7789157	112.1	-218.1482287	10.69494412	75.36	-244.3854857	10.62342971
75.096	2	489	-258.1861986	6.695777933	32.01	-262.5240269	12.94941006	96.03	-238.3580933	12.81824348	101.6	-217.6572055	9.817324183	69.64	-243.8955567	9.743481324
73.755	2	325.6	-259.6022941	9.771441945	25.29	-264.5842957	11.8260441	75.86	-240.4074082	11.69489746	69.51	-218.0589518	11.83680831	47.55	-244.2964077	11.76736663
72.414	2	297.2	-259.7850162	8.865836124	28.78	-260.5553256	6.209272305	86.35	-236.399859	6.0452194	63.23	-216.4073282	8.383806147	40.08	-242.6484647	8.304212206
71.073	2	302.1	-256.8157835	7.797944279	26.29	-260.3721906	11.20023574	78.87	-236.2176977	11.06857755	65.53	-215.0681739	10.05876371	43.76	-241.3122948	9.985636525
65.709	2	76.02	-257.40963	4.920239583	6.869	-262.9818644	22.00409359	20.61	-238.8134966	21.85048774	29.25	-213.4165503	2.89542679	7.616	-239.6643518	2.707550995
64.368	2	86.52	-258.1405181	6.64659688	7.671	-262.9818644	16.67111448	23.01	-238.8134966	16.53411927	-6.905	-123.8271304	14.65840288	-9.929	-150.2745815	14.59098467
60.345	2	95.52	-253.6181484	2.831770166	9.72	-260.7842443	19.19494763	29.16	-236.6275607	19.05090748	22.77	-207.7028255	12.17198766	17.97	-233.96336	12.10298903
56.322	2	109.7	-254.1663144	5.867258543	8.293	-257.167328	18.12373388	24.88	-233.0298745	17.98290151	25.75	-213.5058273	13.00129863	2.985	-239.7534298	12.93313123
53.64	2	117	-255.5824099	3.236747837	5.796	-270.4446158	28.37352412	17.39	-246.2365706	28.19428301	3.67	-211.5417344	49.88613982	8.985	-237.7937139	49.76476846
48.276	2	102	-259.4652526	4.449706155	8.585	-273.7868296	15.32209716	25.76	-249.5610147	15.18800239	34.95	-211.0953496	4.148596027	34.48	-237.3483239	4.014833185
45.594	2	51.4	-261.9776803	6.083488469	2.833	-279.4182309	84.48221536	8.5	-255.1624755	84.02351713	19.42	-215.6038356	13.51858063	13.49	-241.8467627	13.45076449
42.912	2	39.09	-256.770103	4.1589775	4.967	-281.7074184	45.85135177	14.9	-257.439492	45.59001195	-5.215	-92.53555926	19.43226009	-7.704	-119.0527434	19.36275422
158.238	0	12.02	-439.7205144	19.34991394	6.548	-275.3434771	13.4805465	19.64	-251.109386	13.34902259	-10.22	-123.1129148	10.72771736	-2.174	-149.5619575	10.65627623
150.192	0	23.2	-271.3878637	12.16351997	7.904	-282.897796	11.2578931	23.71	-258.6235406	11.12630006	-5.257	46.29009887	42.20145746	2.754	19.46354242	42.09535344
144.828	0	52.75	-269.0581581	5.921960881	2.99	-232.7645889	82.04469027	8.969	-208.756878	81.59866853	8.712	-255.555271	17.0685205	9.08	-281.7091665	17.00064775
143.487	0	27.6	-268.9667971	15.33110968	7.255	-279.0977447	11.65714389	21.76	-254.8436931	11.52590016	-0.1576	45.66516021	24.67955153	-10.06	18.83999643	24.60392822
139.464	0	59.69	-261.4295142	3.847902021	8.633	-271.5892095	12.62575515	25.9	-247.3750788	12.49470379	-5.873	-87.75924241	33.45671739	-2.582	-114.2870706	33.36694796
138.123	0	74.54	-264.7641909	9.988410768	8.709	-270.5361833	6.629318207	26.13	-246.3276512	6.471497766	22.55	-214.0861275	7.486807019	16.58	-240.3324368	7.401850639
134.1	0	60.4	-261.1554312	17.98649567	5.334	-266.1409432	12.65287821	16	-241.9557794	12.52182037	19.95	-221.5853913	15.43746331	-2.808	-247.8149886	15.37006661
130.077	0	181.8	-266.865494	12.66094487	16.32	-271.1771558	16.57437917	48.95	-246.9652159	16.43761519	44.63	-224.1297844	9.852068334	21.94	-250.3537115	9.77833228
120.69	0	1205	-280.9350887	11.84615587	66.16	-282.2110397	8.211184217	198.5	-257.9404357	8.068891235	142.4	-232.4325408	6.199767591	84.7	-258.6379652	6.103331454
119.349	0	1820	-286.4624295	14.26177158	85.29	-283.4929847	10.4948914	255.9	-259.2155649	10.36210211	158.3	-235.8250649	8.577422389	117.3	-262.0229291	8.498781641
118.008	0	1478	-286.8278735	24.63256195	104	-278.4567721	10.16241514	312.1	-254.2061285	10.02885503	194.8	-231.4951328	8.538966155	169.6	-257.7026463	8.460141134
116.667	0	1887	-277.0065655	14.77336246	137.4	-277.7700159	8.725311507	412.1	-253.5230235	8.586161868	339.2	-231.986156	2.213108977	246.1	-258.1925752	1.964867836
113.985	0	3878	-279.1078686	8.09622484	197.8	-279.6471497	8.858995779	593.5	-255.3901771	8.720549917	411.3	-233.012841	5.573178634	292.6	-259.2169722	5.468701713
112.644	0	4472	-275.6361504	11.16131237	265.7	-276.9001246	10.79193481	797.2	-252.6577573	10.65970046	549.9	-230.1113401	5.997222833	401.4	-256.3219373	5.898407989
111.303	0	4914	-268.6470336	11.87813123	288.9	-270.032562	9.603824208	866.8	-245.8267076	9.468568292	622	-224.1297844	5.627708134	406.6	-250.3537115	5.524016471
109.962	0	1926	-273.5348473	21.18403009	61.15	-276.2133684	26.36956408	183.5	-251.9746523	26.19881779	137.2	-234.4859107	29.39549203	96.02	-260.6867592	29.3126703
108.621	0	2421	-278.3769806	20.23797676	70.9	-280.6086084	24.1853213	212.7	-256.3465241	24.02342561	150.7	-240.3335509	31.30166459	116.4	-266.521368	31.2156499
107.28	0	1555	-267.0025355	27.8137001	52.88	-268.7048332	20.18074408	158.6	-244.506038	20.03351786	117.9	-226.4956236	28.88296021	81.53	-252.7142784	28.80097323
105.939	0	1268	-263.9876224	23.64025892	41.1	-267.6060232	17.86469423	123.3	-243.41307	17.72459261	85.36	-221.9424991	22.01407377	61.91	-248.1713005	21.94189067
104.598	0	1366	-261.5665557	28.47860314	39	-278.5025559	33.81268934	117	-254.2516688	33.6090996	91.5	-235.2001263	30.41507	73.55	-261.3993832	30.33055687
103.257	0	1128	-273.2607643	38.81904883	48.09	-275.8013146	40.95973138	144.3	-251.5647893	40.72230082	111	-231.3165789	38.92362846	80.47	-257.5244903	38.82381329
101.916	0	2494	-287.056276	24.90741608	87.14	-291.0473036	29.15597443	261.4	-266.7297196	28.9733358	191	-241.5834282	32.33008707	133.8	-267.76846	32.242298
100.575	0	6660	-281.6659767	12.25772585	196.2	-288.5291973	16.57437917	588.6	-264.2250014	16.43761519	373.4	-242.2083669	16.04184297	278.2	-268.3920059	15.97434501
99.234	0	12470	-274.3114159	9.251100229	387.1	-275.5723958	12.51697729	1161	-251.3370877	12.38594586	709.9	-230.8701942	11.14793781	487.9	-257.0791003	11.07735957
97.893	0	4471	-273.8546108	11.39254893	253.3	-278.6399071	11.60055815	760	-254.3882898	11.46927536	478.6	-232.8789256	9.139580447	365.9	-259.0833552	9.06337157
96.552	0	2214	-275.2707064	13.82772785	143.7	-280.2881222	12.84196026	431.2	-256.0277418	12.71084097	346.8	-235.1108493	10.12700868	260.5	-261.3103052	10.05407287
95.211	0	1427	-273.3064448	15.60612729	86.74	-279.0061772	17.05611701	260.2	-254.7526125	16.91816953	206.8	-233.0574795	15.01014656	163.8	-259.2615112	14.94276073
93.87	0	1575	-269.7890461	13.97323361	96.75	-274.2904508	15.81759349	290.2	-250.0619584	15.68251847	263.7	-228.1472472	10.16101235	209.6	-254.3622214	10.08817016
92.529	0	1644	-264.7641909	13.68136255	99.21	-270.1699133	12.73407898	297.6	-245.9633286	12.60299821	260.7	-224.2636998	8.6157487	191.5	-250.4873285	8.53728918
89.847	0	2521	-264.1246639	9.988410768	139.3	-269.8952108	10.5248113	418	-245.6900866	10.39208343	315.5	-225.2011078	5.518175452	228.4	-251.4671865	5.41288783
88.506	0	1627	-264.7641909	11.71770318	96.85	-271.5434258	12.84196026	290.5	-247.3295385	12.71084097	224.8	-226.718816	8.226419135	170.2	-252.9369734	8.146001797
87.165	0	686.5	-263.5308173	13.14688504	44.27	-268.933752	15.76831282	132.8	-244.7337396	15.63333997	118.8	-222.7013532	11.21167017	84.06	-248.9284635	11.14121095
85.824	0	515.7	-265.0382739	13.23682341	34.75	-270.6735345	17.39056921	104.3	-246.4642722	17.25175499	99.04	-225.5582156	13.60371443	69.4	-251.7789594	13.5359451
84.483	0	410.7	-265.951884	14.29044984	34.36	-269.5289407	14.79497174	103.1	-245.3257639	14.66179751	97.3	-226.9420083	11.3699915	57.26	-253.2042074	11.2998152
83.142	0	424.8	-262.8456098	11.22769827	36.34	-267.9722932	13.742545	109	-243.7773927	13.61077415	104.8	-220.2908755	6.048405769	64.69	-246.5233576	5.950210302
81.801	0	508.7	-261.1554312	11.32679687	38.05	-263.8059719	18.45174794	114.1	-239.6332225	18.30996411	109.2	-218.549975	10.76042419	89.59	-244.8308756	10.6890553
80.46	0	675.8	-259.2368501	10.23740328	54.46	-261.6541356	13.58561818	163.4	-237.492827	13.45400058	172.5	-216.4519666	9.536171495	118.7	-242.6930037	9.461414573
79.119	0	872.5	-257.8664351	8.221433842	76.44	-260.4179743	9.413154776	229.3	-236.263238	9.277191539	192.5	-213.7290197	3.362732898	138.5	-239.9761248	3.200357605
76.437	0	997.6	-253.3897458	4.984135661	73.22	-255.9311668	10.55468223	219.7	-231.8002856	10.4220144	159.9	-210.5596879	8.767788707	115.3	-236.8138559	8.690024915
75.096	0	822.2	-251.1970817	6.64659688	54.26	-254.7407892	11.8260441	162.8	-230.616237	11.69489746	133.7	-209.3990876	6.149669145	90.61	-235.7003809	6.052662361
73.755	0	597.8	-251.6082063	6.984726644	41.08	-254.6492217	12.51697729	123.2	-230.5251563	12.38594586	95.76	-209.8901108	9.607006542	61.74	-236.1457709	9.532488482
72.414	0	434.6	-250.2834717	10.55147352	33.1	-254.4660867	15.22225495	99.29	-230.342995	15.0883446	70.08	-209.3544491	8.146850241	61.88	-235.6113029	8.06599916
71.073	0	471.5	-249.3241811	7.490254177	29.07	-253.4130605	16.88805301	87.2	-229.2955674	16.75052739	64.83	-205.6494556	4.289528193	54.33	-231.914566	4.159662759
69.732	0	631.8	-249.5069032	6.64659688	53.17	-250.5286842	7.600049848	159.5	-226.4265265	7.452965373	89.99	-205.7387326	9.176146597	69.7	-232.003644	9.100080118
68.391	0	729.8	-249.5069032	5.921960881	55.86	-252.039548	10.73290193	167.6	-227.9293574	10.6005668	114.8	-207.3457177	4.358409361	72.65	-233.607048	4.230345415
67.05	0	339	-250.4205132	8.386099967	33.06	-253.687763	11.54382607	99.18	-229.5688094	11.41250074	77.61	-205.7387326	5.627708134	60.92	-232.003644	5.524016471
65.709	0	146.1	-252.1106918	7.623345833	10.94	-263.7144044	27.01183804	32.82	-239.5421419	26.83840409	31.46	-211.0507111	15.96363291	20.54	-237.3037849	15.89615338
64.368	0	85.77	-253.7095094	7.579191957	8.831	-258.4492731	24.90301816	26.49	-234.3050038	24.73826791	26.79	-225.0671924	21.71450841	4.352	-251.2890305	21.64267353
63.027	0	61.52	-252.5674968	7.40045109	5.325	-259.8685693	30.79541221	15.98	-235.7167541	30.60552905	21.72	-207.3010792	16.19772945	14.84	-233.562509	16.13019024
61.686	0	69.86	-250.0550692	10.02424712	8.742	-268.750617	17.22361697	26.23	-244.5515783	17.08523987	11.36	-206.3190328	29.45942576	9.835	-232.582651	29.37649915
60.345	0	58.13	-248.1364881	9.513859333	5.111	-239.9526378	38.08810902	15.33	-215.90671	37.8644631	20.95	-206.8993329	16.22364246	14.22	-233.161658	16.15609582
59.004	0	69.8	-247.040156	10.79138543	5.585	-214.4053048	67.81490848	16.76	-190.4952052	67.44248323	-0.3371	-126.9518237	21.0179411	-14.82	-153.3923114	20.94688065
57.663	0	73.75	-249.4155421	6.189135981	8.469	-253.3672767	15.19725412	25.41	-229.250027	15.06338923	-0.2631	-71.5108374	63.87974313	-7.984	-98.07487506	63.72942191
56.322	0	67.24	-254.8058414	7.711041592	8.42	-267.5144557	16.79175668	25.26	-243.3219894	16.6544685	13.74	-202.5247624	6.914022745	24.48	-228.7968361	6.824627966
52.299	0	89.8	-254.3033559	5.17152571	3.342	-261.2420819	43.02653394	10.03	-237.082964	42.7790595	15.31	-204.3995783	28.62596567	5.627	-230.6674741	28.5443931
50.958	0	142.5	-252.5674968	3.847902021	10.82	-256.3890043	21.66937288	32.47	-232.2556889	21.51698008	34.16	-212.4791423	9.64228485	21.36	-238.7290328	9.56788356
